-84.4825
-86.0687
-80.2651
-81.7316
-85.4908
-84.4135
-84.2823
-81.1835
-82.0135
-80.1277
-82.9346
-81.7048
-84.2329
-81.6048
-77.3332
-82.074
-82.6233
-82.5137
-82.021
-77.6676
-76.9373
-78.8544
-84.1762
-80.5232
-82.1307
-78.3868
-77.4426
-81.9978
-81.8337
-81.2463
-81.6356
-79.9918
-78.3543
-82.5869
-84.1167
-81.4756
-82.3606
-77.97
-79.9394
-81.8168
-80.9267
-79.4943
-76.3319
-69.5533
-58.0044
-46.2409
-40.2922
-38.8889
-39.9811
-40.3964
-40.1409
-39.9871
-39.802
-39.6435
-39.5868
-39.6441
-39.7272
-39.7017
-40.0378
-40.5357
-40.3933
-40.3692
-40.5932
-40.6718
-40.5335
-40.4093
-40.408
-40.4805
-40.5341
-40.5666
-40.5885
-40.6619
-40.662
-40.6222
-40.5158
-40.3061
-40.085
-39.8718
-39.6612
-39.382
-39.178
-39.0176
-38.8285
-38.715
-38.801
-39.7308
-41.8788
-44.5002
-46.8571
-49.2942
-49.7102
-48.7782
-49.776
-49.212
-50.5354
-51.8493
-51.4625
-55.1068
-61.7067
-61.5914
-54.2816
-51.3951
-52.6627
-51.442
-47.5007
-45.0278
-45.1514
-44.637
-44.8459
-45.0272
-45.6614
-47.3582
-50.2576
-54.6647
-60.3685
-68.7985
-79.7134
-81.965
-83.9384
-81.0825
-84.978
-81.9483
-80.09
-81.9205
-86.745
-85.9755
-83.8907
-84.317
-82.1236
-84.8213
-79.1431
-62.4433
-66.2637
-58.6382
-48.8353
-44.469
-43.4726
-42.9458
-42.3467
-41.9976
-41.6862
-41.6404
-41.6191
-41.6341
-41.7145
-41.8513
-42.0727
-42.3432
-42.7613
-43.4608
-44.4115
-45.6509
-47.554
-48.532
-52.6387
-56.7638
-58.0485
-56.8986
-52.8136
-51.6913
-52.6622
-51.9572
-54.2322
-48.8209
-48.8697
-52.4563
-58.1234
-62.9645
-72.1348
-80.5873
-85.997
-92.6584
-96.6894
-89.1066
-90.6588
-85.8563
-88.917
-94.1567
-90.1598
-85.0137
-82.7183
-86.4007
-85.8569
-73.4909
-70.4024
-62.1024
-62.1062
-63.5602
-59.2134
-49.1436
-44.0966
-42.7644
-43.1607
-43.744
-44.7899
-46.9117
-50.8092
-56.6992
-64.8464
-74.2093
-80.6435
-84.7509
-72.0321
-63.4714
-55.6603
-49.1304
-48.5992
-51.4644
-54.1726
-56.5968
-58.5933
-60.8231
-57.1696
-47.2527
-43.2829
-41.6118
-41.5642
-41.9535
-42.3435
-42.7868
-43.6064
-45.3351
-48.5356
-53.8433
-61.328
-70.8308
-78.7722
-82.7444
-84.3338
-86.0261
-81.607
-74.7979
-70.2244
-64.668
-61.2034
-55.9941
-55.0849
-55.9335
-49.1086
-40.4453
-41.5278
-41.525
-41.2455
-40.8091
-40.6437
-40.7672
-41.0497
-41.384
-41.6638
-41.8938
-42.0983
-42.2512
-42.3026
-42.2459
-42.1733
-42.1457
-42.1788
-42.26
-42.4121
-42.5683
-42.7453
-42.9376
-42.9618
-42.9958
-43.1597
-43.3012
-43.3702
-43.4493
-43.5517
-43.7164
-43.9366
-44.3048
-44.9374
-46.0906
-48.0188
-50.7188
-53.8155
-57.112
-61.2262
-66.7933
-72.4775
-79.1402
-81.4162
-58.1703
-57.1597
-56.3344
-51.7514
-56.5948
-55.8122
-57.4531
-61.6988
-61.7833
-61.5887
-62.1828
-60.0348
-58.3505
-58.7856
-56.5164
-54.5018
-49.6698
-45.9855
-44.1124
-43.439
-43.1208
-43.0086
-42.975
-42.8749
-42.809
-42.7693
-42.7311
-42.6959
-42.6348
-42.5526
-42.5799
-42.7182
-42.8568
-42.9548
-43.0697
-43.213
-43.3185
-43.4785
-43.669
-43.91
-44.1353
-44.3754
-44.644
-44.9489
-45.296
-45.6622
-46.1178
-46.6822
-47.4333
-48.8137
-50.9695
-54.2413
-56.6432
-60.6207
-58.7265
-59.1851
-58.1544
-60.0002
-59.0906
-57.4455
-57.0922
-54.7421
-56.3168
-55.1903
-58.4065
-59.2303
-60.1459
-59.7353
-56.4987
-56.8964
-56.3564
-56.9258
-59.872
-58.858
-55.4809
-53.4362
-49.8503
-52.4813
-53.2234
-56.9318
-60.1418
-65.1073
-70.8875
-77.2871
-78.7698
-80.5433
-81.3978
-78.3895
-81.1295
-81.816
-80.1579
-80.3997
-81.77
-78.953
-80.8836
-81.2907
-78.451
-83.5558
-79.7852
-79.0204
-59.7077
-53.2521
-52.8899
-55.6297
-60.5973
-62.2442
-60.134
-56.1007
-55.3806
-56.5151
-55.7106
-57.5745
-58.1985
-60.1404
-60.7087
-61.4086
-52.8462
-47.6909
-45.7332
-45.0645
-44.468
-43.6618
-43.0646
-42.7813
-42.6564
-42.6108
-42.6006
-42.6264
-42.6273
-42.5673
-42.5598
-42.638
-42.7864
-42.934
-43.053
-43.1724
-43.3191
-43.4559
-43.5563
-43.6578
-43.7185
-43.7105
-43.7108
-43.768
-43.705
-43.5507
-43.4465
-43.46
-43.5137
-43.4306
-43.2497
-43.0902
-42.8779
-42.6814
-42.6471
-42.847
-43.3818
-43.3699
-43.3349
-44.2106
-44.7181
-44.8187
-44.8093
-44.9118
-45.1475
-45.3287
-45.6969
-46.163
-46.6347
-47.3235
-47.8984
-48.6132
-49.7831
-51.2035
-52.54
-54.2693
-56.0047
-59.7601
-66.064
-69.5153
-74.3897
-78.6816
-81.2038
-79.735
-79.8066
-84.6451
-83.3665
-82.0344
-85.284
-80.402
-70.3795
-59.7193
-55.6258
-54.9899
-51.9401
-48.852
-48.6124
-47.448
-46.3723
-46.7323
-47.6089
-49.1838
-51.7671
-55.6807
-60.8629
-67.7961
-72.9862
-77.9258
-82.3349
-85.347
-83.2502
-73.4551
-59.5985
-55.4271
-57.1869
-59.1381
-54.4001
-49.0719
-53.2452
-55.2293
-54.715
-53.6112
-50.562
-45.7741
-44.394
-45.1423
-46.1582
-46.8138
-46.7271
-46.119
-45.8654
-45.5079
-45.205
-44.8724
-44.9419
-45.2242
-45.4876
-45.8872
-46.3443
-46.4343
-46.4211
-46.5124
-46.4919
-46.5434
-46.6076
-46.5313
-46.3752
-46.2878
-46.0696
-45.7782
-45.5426
-45.4213
-45.2693
-45.1807
-45.2066
-45.3555
-45.7075
-46.1108
-46.4082
-46.6577
-47.6507
-49.5841
-51.3102
-52.6445
-55.3372
-58.2801
-61.3781
-65.5869
-66.1091
-58.4268
-57.4739
-52.5371
-53.2243
-57.6642
-63.6469
-50.252
-45.9951
-45.0616
-45.1965
-44.895
-44.7878
-44.8178
-44.8607
-44.8827
-44.8821
-44.9886
-45.158
-45.0601
-44.9635
-45.0111
-45.1643
-45.2657
-45.1291
-45.1669
-45.3407
-45.587
-46.0165
-46.5075
-46.8186
-46.9259
-47.0284
-47.1637
-47.3747
-47.659
-48.0997
-48.8297
-49.71
-50.952
-51.3966
-53.7511
-52.746
-53.2497
-52.4344
-54.0661
-57.8556
-57.488
-59.0225
-59.779
-61.9429
-61.6054
-65.0087
-66.4137
-69.1638
-74.5037
-77.6929
-73.9306
-74.3858
-70.3138
-66.9593
-60.0327
-53.9699
-50.525
-48.2662
-46.3492
-44.9829
-44.3299
-44.3652
-44.7265
-44.9945
-45.0577
-45.1476
-45.2638
-45.3898
-46.0051
-47.5375
-49.5776
-53.064
-54.4112
-52.9585
-56.4987
-64.2754
-71.4357
-77.9667
-82.0236
-88.143
-88.4887
-83.2437
-88.8448
-82.7491
-84.3798
-88.9829
-67.312
-53.1208
-48.5474
-48.2507
-48.0037
-46.9209
-45.831
-44.9874
-45.3404
-44.9921
-44.877
-44.9944
-44.3177
-43.2596
-42.5032
-42.0609
-41.7969
-41.6021
-41.4958
-41.4545
-41.357
-41.3635
-41.3783
-41.3688
-41.3818
-41.3733
-41.3764
-41.3702
-41.361
-41.3679
-41.4152
-41.5364
-41.6633
-41.8039
-41.9819
-42.137
-42.2807
-42.4247
-42.5997
-42.8223
-43.0826
-43.4027
-43.6865
-43.9752
-44.3099
-44.6004
-44.9219
-45.2556
-45.629
-46.0682
-46.4809
-46.9979
-47.9213
-49.0667
-50.5696
-52.4734
-54.4036
-56.6994
-59.7793
-62.5343
-63.7362
-69.2327
-68.9233
-70.2057
-69.5609
-69.3454
-72.5421
-72.126
-71.7463
-74.4052
-75.3849
-77.545
-77.7335
-75.4111
-78.0126
-82.2277
-79.4168
-80.676
-81.4741
-76.2487
-79.7741
-79.0223
-77.8696
-78.2495
-78.5
-78.5493
-79.5037
-83.8977
-80.0191
-81.7526
-80.7043
-79.4105
-83.3961
-81.5402
-81.3738
-82.5826
-79.6654
-79.8115
-83.7619
-87.2839
-82.2561
-81.1212
-76.7572
-78.9795
-83.208
-80.0645
-83.9629
