0.308719
0.532068
0.864791
1.13274
1.43824
1.70947
2.01505
2.28206
2.64012
2.95003
0.295351
0.513101
0.82604
1.1142
1.42906
1.73529
2.00896
2.29048
2.59453
2.90459
0.303202
0.591807
0.873289
1.15803
1.45956
1.74831
2.04386
2.30312
2.57049
2.83395
0.32818
0.60519
0.888497
1.14775
1.43539
1.68879
1.99481
2.28726
2.55203
2.86027
0.343193
0.607854
0.881947
1.17144
1.42391
1.68154
1.97761
2.29506
2.58196
2.85442
0.314063
0.575578
0.850829
1.19006
1.43135
1.72061
2.00339
2.29011
2.57059
2.81431
0.303978
0.561298
0.847203
1.14363
1.43301
1.72134
2.00342
2.2622
2.56821
2.80483
0.284373
0.555428
0.861243
1.09216
1.39027
1.70934
1.99863
2.251
2.59224
2.84373
0.277155
0.587253
0.889443
1.14289
1.49301
1.67197
2.05503
2.29221
2.54976
2.85092
0.2891
0.59364
0.914261
1.18028
1.53038
1.69485
2.07544
2.28968
2.53357
2.83271
0.297516
0.592581
0.904231
1.14576
1.51439
1.70561
2.02707
2.28273
2.5368
2.82972
0.311975
0.571157
0.863025
1.16164
1.38631
1.72407
1.9517
2.27705
2.56713
2.8601
0.332316
0.587185
0.837374
1.15102
1.41233
1.72049
1.99582
2.29128
2.57736
2.85766
0.301574
0.605798
0.869404
1.12457
1.41432
1.71136
2.00955
2.31209
2.56684
2.83714
0.329644
0.577223
0.864365
1.13369
1.39052
1.7128
1.99594
2.29439
2.55917
2.83224
0.381134
0.579445
0.832588
1.15183
1.37081
1.73089
2.00009
2.26191
2.54578
2.86284
0.348611
0.570853
0.84375
1.10328
1.39568
1.71044
2.01644
2.26834
2.54106
2.89379
0.262788
0.533082
0.877638
1.08608
1.45609
1.70573
2.00964
2.29626
2.6707
2.83449
0.237469
0.542772
0.894561
1.1509
1.48189
1.74135
1.98466
2.34395
2.71889
2.82198
0.27121
0.600427
0.878929
1.17609
1.46674
1.76603
1.98607
2.33186
2.71199
2.82958
0.301264
0.574301
0.84328
1.14104
1.44326
1.73856
1.98715
2.26657
2.63941
2.84238
0.31695
0.59125
0.866813
1.13969
1.43321
1.71017
2.008
2.27618
2.54244
2.83998
0.312976
0.582868
0.87326
1.14494
1.45205
1.70325
2.02908
2.31298
2.53725
2.84239
0.319992
0.577719
0.855933
1.12356
1.43925
1.71506
2.01352
2.32716
2.55986
2.82137
0.335007
0.570431
0.863734
1.14097
1.41169
1.71582
1.9841
2.29723
2.56909
2.8439
0.327186
0.572976
0.852302
1.15634
1.42135
1.71002
1.99359
2.29464
2.56581
2.8351
0.335173
0.573021
0.84633
1.15493
1.45016
1.72996
2.00378
2.32263
2.55506
2.83758
0.324094
0.595667
0.87033
1.14455
1.45865
1.72212
1.99961
2.3111
2.57932
2.83758
0.319072
0.549493
0.89065
1.13152
1.43819
1.68086
2.00393
2.26286
2.56023
2.8438
0.318602
0.533389
0.866127
1.14738
1.41605
1.69203
2.02131
2.26336
2.56506
2.86952
0.312873
0.593096
0.861248
1.14881
1.43704
1.71934
2.04565
2.29792
2.57238
2.88984
0.29296
0.614641
0.849901
1.11934
1.45377
1.71807
2.0134
2.2731
2.54692
2.8845
0.311381
0.583261
0.849541
1.13528
1.44388
1.7091
1.99692
2.24798
2.55553
2.86184
0.331484
0.550501
0.869825
1.14521
1.43152
1.69732
1.99588
2.26341
2.56914
2.83782
0.351729
0.570033
0.874903
1.16028
1.43454
1.69423
2.00608
2.28359
2.56634
2.81406
0.336592
0.595089
0.880953
1.13672
1.4339
1.72433
1.99386
2.27722
2.57511
2.8391
0.290657
0.534465
0.873637
1.1002
1.4456
1.72796
1.98965
2.28658
2.564
2.86413
0.300403
0.537073
0.86744
1.14001
1.43146
1.70698
2.01193
2.28765
2.56755
2.89778
0.351594
0.560103
0.845771
1.16127
1.43185
1.74142
2.00608
2.29587
2.56851
2.91879
0.316831
0.551507
0.836255
1.12812
1.44792
1.74434
1.97702
2.27083
2.53557
2.88312
0.248022
0.56362
0.86035
1.14826
1.41185
1.72348
1.98563
2.26432
2.55877
2.82459
0.215902
0.546276
0.813532
1.13726
1.36697
1.69899
1.97285
2.27608
2.58463
2.81786
0.169981
0.493422
0.76872
1.12042
1.34529
1.70168
1.97921
2.27148
2.52409
2.83048
0.103592
0.436598
0.79656
1.12713
1.30858
1.65646
1.98514
2.22239
2.49423
2.82357
0.0924544
0.223478
0.781343
1.08408
1.30102
1.58161
1.9382
2.21085
2.50817
2.82759
0.0980875
0.212687
0.657316
0.911598
1.24496
1.52907
1.90146
2.18501
2.53268
2.87373
0.107556
0.268537
0.642816
0.881214
1.22247
1.53145
1.88291
2.16053
2.46229
2.87655
0.130304
0.304229
0.62286
0.891097
1.22225
1.53228
1.89866
2.18544
2.43226
2.8174
0.137697
0.290533
0.611121
0.880131
1.20605
1.5273
1.89741
2.18384
2.4766
2.77806
0.134532
0.269455
0.649322
0.920406
1.23033
1.56123
1.88566
2.1843
2.50126
2.77866
0.134304
0.262178
0.64775
0.942269
1.22938
1.56949
1.88477
2.21499
2.49827
2.79253
0.136053
0.262856
0.628068
0.914815
1.23008
1.53358
1.87821
2.24541
2.49751
2.79593
0.137753
0.264278
0.626069
0.876427
1.23649
1.54457
1.85419
2.2146
2.49974
2.79372
0.138635
0.262515
0.609826
0.889793
1.18881
1.56588
1.84979
2.21279
2.50233
2.79582
0.138877
0.261411
0.590996
0.914096
1.18291
1.55851
1.87442
2.22422
2.50098
2.81618
0.136141
0.257283
0.623437
0.923488
1.16831
1.55529
1.9462
2.20271
2.42342
2.76947
0.120485
0.236385
0.685545
0.972844
1.31153
1.56965
1.9052
2.18838
2.48466
2.78621
0.133723
0.284474
0.615455
0.910533
1.32605
1.52218
1.80343
2.12995
2.65252
2.85541
0.129517
0.290179
0.602257
0.899642
1.27574
1.53723
1.8338
2.16128
2.56346
2.84413
0.128917
0.301097
0.649657
0.900784
1.26026
1.55771
1.88452
2.19236
2.51528
2.81299
0.128488
0.324959
0.661986
0.913392
1.26242
1.59829
1.88084
2.20857
2.5852
2.78116
0.130628
0.337659
0.629223
0.937123
1.29821
1.64236
1.86793
2.22565
2.60549
2.78475
0.131513
0.329901
0.598343
0.99161
1.2968
1.59242
1.85992
2.17785
2.66797
2.80803
0.131317
0.319808
0.6016
0.938543
1.27035
1.48164
1.87153
2.16234
2.50021
2.82659
0.13095
0.318506
0.613197
0.909097
1.27961
1.53976
1.88223
2.21082
2.50786
2.79907
0.130081
0.317141
0.614905
0.917235
1.2772
1.54141
1.86725
2.20608
2.52778
2.76963
0.13162
0.316936
0.617499
0.931043
1.26048
1.49086
1.87224
2.17465
2.55068
2.75695
0.133231
0.320028
0.620126
0.945466
1.26399
1.50095
1.85636
2.14509
2.53376
2.80738
0.133997
0.320114
0.613009
0.926325
1.27168
1.52477
1.82784
2.14451
2.49768
2.83698
0.135949
0.318651
0.610837
0.910215
1.25872
1.49509
1.82646
2.20327
2.51955
2.81889
0.136453
0.320427
0.603257
0.923716
1.24926
1.47962
1.89698
2.21949
2.52903
2.81796
0.136834
0.324086
0.599406
0.933129
1.26663
1.51555
1.8803
2.18127
2.5223
2.82277
0.134157
0.32634
0.599059
0.936067
1.25114
1.51928
1.85432
2.20179
2.51415
2.79805
0.132899
0.330814
0.610464
0.944748
1.22677
1.50433
1.86658
2.23488
2.54182
2.78177
0.128051
0.328606
0.610747
0.942924
1.20395
1.49066
1.89607
2.21141
2.51807
2.78505
0.124218
0.326219
0.596468
0.912886
1.22632
1.54601
1.87397
2.19531
2.48944
2.80474
0.120482
0.3244
0.585299
0.897918
1.25471
1.56121
1.85573
2.19876
2.50477
2.8192
0.117274
0.324106
0.586057
0.89664
1.21541
1.53444
1.86571
2.19119
2.51857
2.81559
0.115018
0.324651
0.589029
0.887036
1.20406
1.50748
1.85294
2.15957
2.52633
2.79137
0.115794
0.325385
0.595385
0.870872
1.20816
1.51019
1.84574
2.18088
2.5193
2.79129
0.117365
0.325873
0.60031
0.875588
1.18334
1.53463
1.88445
2.18681
2.54405
2.78992
0.120567
0.331099
0.600982
0.907626
1.18634
1.47827
1.90693
2.17651
2.51123
2.76714
0.120302
0.330913
0.591195
0.892724
1.19125
1.4532
1.90167
2.1914
2.4445
2.7819
0.124293
0.340295
0.614882
0.892824
1.22533
1.49855
1.85234
2.1769
2.50167
2.78544
0.127492
0.356641
0.646491
0.926451
1.24183
1.52647
1.81438
2.18706
2.54174
2.77166
0.127018
0.359958
0.661584
0.942973
1.2497
1.53885
1.82233
2.18619
2.51409
2.75781
0.12319
0.347804
0.64012
0.932274
1.22928
1.54025
1.81412
2.1792
2.49268
2.74737
0.117424
0.333806
0.59685
0.912368
1.20717
1.51738
1.80059
2.16325
2.50908
2.80404
0.114265
0.335888
0.597342
0.903453
1.21597
1.50106
1.80712
2.13797
2.54587
2.8162
0.125122
0.362533
0.622531
0.906909
1.20264
1.51718
1.83055
2.12826
2.5803
2.81325
0.158997
0.431773
0.717731
0.980631
1.25165
1.56448
1.83117
2.03155
2.52971
2.70854
0.225422
0.499695
0.742813
0.985552
1.26463
1.5101
1.82232
2.02855
2.5152
2.67031
0.196806
0.486032
0.730846
0.971158
1.27346
1.48028
1.82368
2.11188
2.4963
2.71961
0.133963
0.307143
0.65977
0.945865
1.27052
1.56658
1.93095
2.20951
2.4708
2.84306
0.140317
0.366801
0.691205
0.899172
1.22273
1.51326
1.75618
2.13533
2.45429
2.83798
0.191629
0.443804
0.730218
0.91036
1.24459
1.46965
1.71109
1.92221
2.29786
2.76017
0.207039
0.446199
0.732958
0.933404
1.26455
1.45415
1.70639
1.92568
2.2311
2.7913
0.160062
0.4135
0.708683
0.948584
1.31143
1.44779
1.72269
1.98487
2.32756
2.89916
0.131779
0.300239
0.687742
0.860622
1.29427
1.66118
1.93233
2.16877
2.55242
2.94422
0.145236
0.344469
0.71409
0.989324
1.29222
1.55889
1.85208
2.07501
2.47339
2.86453
0.154226
0.358395
0.649868
0.974955
1.34115
1.45508
1.76038
2.04707
2.49932
2.73946
0.152656
0.360143
0.636624
0.965226
1.32792
1.47225
1.76425
2.0951
2.51552
2.71628
0.141153
0.350242
0.611744
0.967897
1.30099
1.54338
1.83479
2.23258
2.52579
2.80659
0.134453
0.345644
0.593054
0.90716
1.26583
1.52004
1.92552
2.29919
2.47772
2.83076
0.137876
0.350209
0.657944
0.943865
1.22562
1.51291
1.86482
2.16539
2.44381
2.81985
0.144129
0.363215
0.681175
0.948951
1.23454
1.52626
1.84692
2.12115
2.38906
2.81762
0.131714
0.328252
0.670832
0.932577
1.2341
1.52545
1.83645
2.11819
2.4303
2.81072
0.122265
0.290878
0.603702
0.927076
1.23519
1.51956
1.87711
2.18806
2.49606
2.7999
0.129472
0.336062
0.67561
0.945759
1.24995
1.51805
1.84048
2.12268
2.42624
2.7923
0.130242
0.33312
0.656993
0.919049
1.24406
1.50535
1.8308
2.1246
2.43754
2.78833
0.129506
0.307096
0.581706
0.848704
1.21393
1.57106
1.8591
2.19108
2.52696
2.80368
0.138519
0.305516
0.574593
0.900839
1.28298
1.55808
1.89168
2.19756
2.5509
2.80576
0.139883
0.334002
0.61172
0.990054
1.33897
1.54805
1.93047
2.16133
2.54947
2.82121
0.124205
0.349876
0.657011
1.02302
1.35316
1.56875
1.95299
2.16319
2.54317
2.83505
0.10187
0.331263
0.668769
0.929228
1.25969
1.56714
1.97207
2.19027
2.59032
2.88137
0.12439
0.435734
0.687802
0.991258
1.28596
1.58597
1.94159
2.20485
2.59112
2.86208
0.228049
0.523552
0.741241
1.1163
1.33906
1.63035
1.95471
2.24117
2.62352
2.83776
0.278576
0.558832
0.8277
1.15101
1.38134
1.66649
1.96945
2.26337
2.62611
2.83878
0.27689
0.529448
0.885515
1.15289
1.4217
1.73273
2.01083
2.23919
2.56029
2.85543
0.275715
0.574187
0.87298
1.12808
1.43596
1.75515
2.04367
2.26637
2.57689
2.84289
0.296177
0.591061
0.863712
1.16672
1.4441
1.71246
2.02476
2.27452
2.5823
2.83827
0.298109
0.580088
0.83481
1.19892
1.42862
1.66999
1.99224
2.27524
2.52925
2.87134
0.33315
0.595939
0.842692
1.17382
1.43215
1.68926
1.98892
2.30196
2.53327
2.90186
0.326146
0.584157
0.877847
1.13777
1.42986
1.70092
2.0062
2.29887
2.58604
2.898
0.324186
0.571603
0.865545
1.1062
1.40852
1.71024
2.02242
2.25555
2.62121
2.87305
0.30546
0.565718
0.875877
1.13128
1.43128
1.7019
2.01065
2.30128
2.551
2.85005
0.310853
0.578796
0.893538
1.14835
1.40811
1.72098
2.02499
2.29952
2.56387
2.81781
0.309803
0.602741
0.887686
1.15672
1.43136
1.75172
2.01691
2.26892
2.58053
2.81574
0.312234
0.581892
0.878114
1.17848
1.48579
1.75667
2.00538
2.28689
2.56832
2.82767
0.310878
0.581526
0.882555
1.17663
1.45665
1.74317
2.01988
2.3188
2.60047
2.81077
0.302145
0.546695
0.821939
1.00769
1.31962
1.58743
1.97012
2.2173
2.56268
2.78051
0.293669
0.556873
0.826023
1.02063
1.34174
1.61097
1.97526
2.21723
2.56663
2.78781
0.298774
0.564036
0.832355
1.06015
1.37688
1.66357
1.98683
2.27126
2.59189
2.79994
0.118707
0.349511
0.821628
1.0985
1.38674
1.60931
2.0055
2.30663
2.66777
2.81324
0.125784
0.287972
0.684688
1.03557
1.30301
1.54384
1.9639
2.37353
2.67646
2.79301
0.131988
0.313257
0.650817
0.943355
1.23668
1.58086
1.94468
2.28081
2.64628
2.78254
0.13415
0.329526
0.627282
0.884099
1.21996
1.51758
1.89455
2.17735
2.53134
2.7939
0.127057
0.311083
0.594007
0.841609
1.19638
1.48449
1.86083
2.17701
2.48259
2.83298
0.121644
0.29415
0.568991
0.848001
1.20475
1.51324
1.84513
2.16311
2.51477
2.84708
0.118769
0.287859
0.559538
0.892684
1.22024
1.55675
1.83287
2.18618
2.50097
2.79554
0.117066
0.27845
0.553092
0.896
1.22526
1.53878
1.86008
2.20803
2.50729
2.80954
0.1175
0.277451
0.568601
0.899399
1.20362
1.5092
1.90579
2.2172
2.48487
2.81916
0.118852
0.278647
0.576612
0.919601
1.19744
1.52602
1.8927
2.22047
2.46661
2.8213
0.118578
0.27728
0.587009
0.914674
1.20161
1.52471
1.85538
2.20341
2.48296
2.82453
0.117728
0.279734
0.592663
0.91327
1.18156
1.49819
1.88476
2.18003
2.47799
2.77584
0.11614
0.282402
0.596767
0.917285
1.19033
1.51368
1.88034
2.14629
2.46496
2.73964
0.115698
0.280647
0.603564
0.921237
1.20741
1.52188
1.86174
2.13616
2.45781
2.75083
0.116794
0.279206
0.610852
0.906166
1.19534
1.52043
1.82196
2.14645
2.46023
2.77283
0.12006
0.278657
0.627569
0.904712
1.14571
1.52223
1.80817
2.16092
2.4931
2.79922
0.121356
0.278918
0.633066
0.895938
1.1577
1.50802
1.84987
2.1939
2.49422
2.78516
0.119497
0.295192
0.651508
0.929375
1.18507
1.48794
1.89537
2.19619
2.54788
2.81091
0.123541
0.33133
0.668129
0.978832
1.21858
1.51386
1.86954
2.16664
2.59177
2.81926
0.137588
0.393049
0.738505
1.02089
1.2833
1.57542
1.84767
2.19044
2.61405
2.7759
0.156938
0.51347
0.841259
1.07545
1.37587
1.63704
1.94442
2.27792
2.5845
2.76689
0.277747
0.575436
0.872204
1.1167
1.43885
1.69384
2.02216
2.32564
2.59702
2.82096
0.235023
0.565333
0.819422
1.14536
1.4613
1.72182
2.00939
2.29437
2.59539
2.8192
0.260695
0.579197
0.799691
1.16801
1.42282
1.69877
2.01326
2.25906
2.56456
2.78333
0.320249
0.594651
0.850532
1.15185
1.41992
1.69782
2.03339
2.27568
2.53706
2.77431
0.316887
0.583537
0.883976
1.12364
1.43843
1.72782
2.02693
2.30186
2.54737
2.77975
0.30747
0.55938
0.854543
1.15312
1.42302
1.71581
2.00938
2.27921
2.57789
2.76492
0.316474
0.556786
0.869599
1.16328
1.41071
1.67749
2.00957
2.25994
2.61217
2.78937
0.304357
0.567634
0.895947
1.13661
1.44015
1.67516
1.99765
2.27748
2.65627
2.83677
0.300005
0.549203
0.915591
1.11318
1.45982
1.67803
2.01446
2.27026
2.64111
2.86317
0.297756
0.535006
0.860144
1.13708
1.45129
1.71453
2.04325
2.31556
2.566
2.84656
0.319649
0.55383
0.855511
1.17081
1.44386
1.73067
2.05816
2.33237
2.54236
2.77935
0.312454
0.611953
0.906239
1.17845
1.44759
1.73169
2.05948
2.32997
2.5465
2.75613
0.27354
0.608227
0.900462
1.12591
1.46024
1.73781
2.05873
2.30381
2.58205
2.81682
0.296868
0.590406
0.883555
1.13162
1.48524
1.7333
2.03384
2.24231
2.63423
2.82862
0.344246
0.564499
0.900166
1.19949
1.49762
1.70393
1.97854
2.26888
2.59819
2.83665
0.315925
0.547415
0.880703
1.1926
1.47591
1.66623
1.92972
2.25111
2.48516
2.79356
0.273803
0.556797
0.893548
1.14366
1.4586
1.65631
2.00359
2.27483
2.51252
2.83927
0.294548
0.549066
0.854244
1.13044
1.44747
1.72701
2.02342
2.30473
2.57686
2.87261
0.302258
0.579059
0.854825
1.15296
1.44238
1.70677
2.00571
2.29201
2.56542
2.8752
0.277161
0.596715
0.850924
1.15534
1.41881
1.71088
1.98954
2.27265
2.58504
2.85437
0.282537
0.593448
0.843816
1.12567
1.40446
1.70628
2.00482
2.28373
2.59278
2.85251
0.305552
0.586273
0.890288
1.13214
1.41299
1.68912
2.03433
2.29767
2.55353
2.83467
0.329948
0.614404
0.905361
1.14248
1.44507
1.70096
2.02508
2.32927
2.51689
2.86165
0.325511
0.573236
0.870426
1.14473
1.43398
1.7058
2.02311
2.3336
2.56206
2.87842
0.292215
0.512907
0.82942
1.13365
1.41225
1.70949
1.98648
2.26744
2.58635
2.86128
0.26664
0.500924
0.852918
1.12561
1.4182
1.71644
1.97079
2.25393
2.582
2.854
0.268604
0.559495
0.870659
1.12047
1.42416
1.73572
1.98189
2.32064
2.60116
2.83586
0.336936
0.586591
0.87835
1.16708
1.453
1.72013
2.02835
2.29173
2.60347
2.8375
0.375022
0.584145
0.893096
1.18813
1.44421
1.70034
2.02219
2.25567
2.57631
2.77418
0.344787
0.573878
0.884086
1.1837
1.44162
1.70284
2.0092
2.26645
2.59786
2.7723
0.256757
0.540275
0.86407
1.14088
1.39477
1.71074
2.02485
2.22842
2.54545
2.76545
0.237695
0.546322
0.826955
1.10782
1.39
1.70607
2.02194
2.24266
2.51998
2.7874
0.261299
0.609187
0.827372
1.05643
1.38765
1.66633
1.98163
2.2383
2.51514
2.79268
0.246161
0.628303
0.866185
1.02716
1.37086
1.64779
1.89118
2.21821
2.51637
2.76881
0.150791
0.496773
0.826138
1.00887
1.34217
1.63301
1.90996
2.24396
2.53768
2.77143
0.12226
0.282993
0.690925
0.97116
1.28109
1.56633
1.92183
2.24736
2.59059
2.79597
0.123052
0.266771
0.65841
0.923698
1.19233
1.52597
1.83766
2.16844
2.50609
2.83197
0.124943
0.298963
0.634234
0.916068
1.18126
1.5226
1.82623
2.1266
2.41771
2.84494
0.123716
0.306327
0.617807
0.887812
1.19499
1.54523
1.83106
2.12479
2.39593
2.79488
0.122292
0.288397
0.635479
0.926595
1.25275
1.58659
1.87957
2.22296
2.53887
2.76941
0.125473
0.300368
0.728489
1.00742
1.32867
1.64413
1.91985
2.20694
2.52625
2.7618
0.127299
0.337614
0.78128
1.04426
1.32589
1.65139
1.91641
2.1532
2.53803
2.76379
0.130593
0.399891
0.820552
1.07798
1.28967
1.66565
1.92853
2.1564
2.56478
2.77024
0.136751
0.467967
0.76889
1.07211
1.26841
1.66519
1.91158
2.16038
2.57526
2.78181
0.156242
0.485693
0.804279
0.996816
1.24109
1.5618
1.89103
2.18538
2.50416
2.81064
0.138123
0.459713
0.846066
0.950677
1.2695
1.52221
1.94802
2.23954
2.53295
2.93921
0.15813
0.513622
0.844044
1.09011
1.35228
1.70821
1.98918
2.29779
2.58477
2.93035
0.32461
0.647065
0.971294
1.23487
1.40072
1.63786
2.00019
2.25042
2.54874
2.78511
0.462115
0.706741
0.962063
1.25951
1.43233
1.68445
2.04689
2.32072
2.53223
2.73552
0.356561
0.672614
0.931435
1.26671
1.47728
1.77465
2.0538
2.29747
2.57554
2.78543
0.260189
0.465499
0.785867
1.12366
1.45116
1.7177
1.9805
2.2372
2.61206
2.78447
0.243555
0.442006
0.767471
1.05995
1.42014
1.69152
1.92995
2.22484
2.61857
2.7643
0.261447
0.480958
0.788254
1.09675
1.47727
1.71114
1.95647
2.29626
2.61294
2.79348
0.312157
0.548895
0.870336
1.20583
1.541
1.75681
2.0563
2.34228
2.62257
2.8469
0.30072
0.621708
0.935155
1.18691
1.49831
1.76323
2.10871
2.33349
2.63184
2.86978
0.289088
0.592485
0.886906
1.13644
1.44027
1.69261
2.05999
2.29612
2.58879
2.80962
0.287349
0.550766
0.869944
1.13772
1.49269
1.70729
2.03038
2.24967
2.57605
2.77125
0.253922
0.531466
0.830606
1.12986
1.43037
1.70866
1.97046
2.2439
2.57934
2.80112
0.15688
0.50113
0.730055
1.05486
1.33246
1.68136
1.92818
2.2675
2.58752
2.82913
0.114411
0.362273
0.697782
0.959236
1.3119
1.62622
1.97371
2.25024
2.55964
2.77301
0.113101
0.282191
0.696586
0.965932
1.31541
1.56727
1.93669
2.24029
2.5251
2.74417
0.112762
0.274757
0.631332
0.931828
1.27972
1.53378
1.90495
2.24568
2.54038
2.78142
0.112753
0.280712
0.615553
0.906373
1.23235
1.57603
1.92061
2.19008
2.52307
2.79912
0.116293
0.278769
0.617716
0.904067
1.16036
1.59026
1.92551
2.14587
2.47566
2.77965
0.121508
0.293097
0.638702
0.918782
1.21543
1.54545
1.87294
2.14444
2.50408
2.79297
0.122362
0.29123
0.631092
0.934028
1.21204
1.54434
1.82092
2.13915
2.52848
2.78587
0.124206
0.284662
0.595222
0.911629
1.19087
1.55645
1.82572
2.16847
2.51448
2.76803
0.131206
0.283431
0.574573
0.920372
1.21125
1.56578
1.88318
2.1953
2.54065
2.79683
0.140549
0.306471
0.618269
0.96749
1.29416
1.61874
1.92269
2.26057
2.55979
2.73117
0.141524
0.390157
0.650051
1.04254
1.35104
1.61911
1.94386
2.30326
2.56324
2.70063
0.186392
0.474927
0.726344
1.12605
1.35114
1.61895
1.94314
2.31692
2.5577
2.72867
0.186478
0.504859
0.788152
1.14167
1.35771
1.65867
1.96583
2.26799
2.54996
2.75369
0.266973
0.567734
0.773239
1.11254
1.44494
1.7172
2.01493
2.28426
2.56417
2.79411
0.396357
0.61775
0.72702
0.944297
1.34578
1.67634
1.94919
2.27077
2.56863
2.84947
0.402245
0.613545
0.736027
0.909018
1.1933
1.60137
1.92113
2.25896
2.56859
2.91304
0.299539
0.600097
0.760931
1.06724
1.37321
1.69224
1.99241
2.29312
2.54206
2.82132
0.293433
0.527621
0.948359
1.19763
1.47058
1.74855
2.06097
2.27647
2.598
2.79698
0.32072
0.601363
0.912404
1.182
1.48542
1.74629
2.05795
2.25457
2.61678
2.82369
0.316971
0.59802
0.876135
1.21186
1.47414
1.72809
2.03181
2.26805
2.57302
2.80035
0.333297
0.592559
0.87756
1.16683
1.4585
1.73429
1.97555
2.26257
2.56321
2.77441
0.262484
0.484944
0.875952
1.12256
1.4344
1.6952
1.98946
2.24476
2.58331
2.80469
0.261152
0.434399
0.83844
1.11313
1.40384
1.69288
2.0172
2.22964
2.64577
2.81354
0.306639
0.520555
0.852087
1.13136
1.44336
1.70971
2.02556
2.26187
2.6723
2.81181
0.21655
0.54803
0.853993
1.192
1.44027
1.73298
2.0167
2.29841
2.64461
2.82474
0.155189
0.359768
0.786998
1.0799
1.37267
1.66477
1.99616
2.27261
2.60525
2.82645
0.15278
0.306837
0.708128
0.94478
1.2511
1.57471
1.9416
2.20976
2.56733
2.81698
0.135467
0.298703
0.654296
0.980505
1.21859
1.52075
1.90353
2.20234
2.46799
2.79429
0.114484
0.275597
0.612113
0.96501
1.20436
1.52569
1.86364
2.20232
2.51067
2.81394
0.108132
0.262634
0.581032
0.947242
1.22872
1.53459
1.82651
2.22236
2.49989
2.81257
0.105755
0.265337
0.568275
0.904047
1.21583
1.54178
1.85365
2.22792
2.47378
2.78555
0.106217
0.265654
0.572772
0.889625
1.17698
1.55874
1.86409
2.22406
2.50103
2.75726
0.107238
0.268977
0.577458
0.904139
1.23923
1.57308
1.89156
2.20149
2.49225
2.77995
0.107715
0.269272
0.593059
0.91771
1.24698
1.57268
1.87365
2.2058
2.4938
2.80071
0.108105
0.271649
0.599393
0.927029
1.22648
1.5295
1.83875
2.21136
2.46597
2.81676
0.107523
0.268721
0.597384
0.935168
1.21796
1.5056
1.80524
2.23752
2.48011
2.81682
0.10566
0.260746
0.576895
0.921527
1.24214
1.51003
1.85164
2.22767
2.51458
2.80222
0.102697
0.254445
0.570001
0.906848
1.24996
1.56242
1.89554
2.22326
2.51811
2.75308
0.099101
0.24761
0.576588
0.936027
1.22141
1.51365
1.92129
2.25739
2.50723
2.76476
0.0962178
0.242571
0.589691
0.938885
1.22783
1.494
1.96084
2.23983
2.48917
2.80692
0.0941131
0.240402
0.611206
0.941061
1.27915
1.53461
1.93868
2.19658
2.4889
2.8348
0.0939048
0.241284
0.626498
0.939747
1.28631
1.56943
1.90215
2.24515
2.50968
2.82509
0.093066
0.238373
0.623591
0.917512
1.263
1.60742
1.87646
2.28784
2.53873
2.81389
0.0917524
0.238074
0.6223
0.917764
1.26491
1.57647
1.89826
2.23933
2.53591
2.82161
0.0909968
0.240356
0.620183
0.931631
1.28181
1.58864
1.90751
2.17742
2.49119
2.8206
0.0911249
0.240619
0.622167
0.939198
1.28478
1.60052
1.90015
2.19699
2.51915
2.83419
0.0914116
0.237434
0.626326
0.927889
1.25693
1.52687
1.87607
2.24758
2.51829
2.82821
0.0917279
0.238302
0.619548
0.908667
1.23204
1.494
1.88231
2.23194
2.53024
2.81467
0.0931184
0.242883
0.62524
0.923726
1.2578
1.58449
1.89575
2.18193
2.59384
2.81996
0.0985756
0.252006
0.625011
0.919206
1.23829
1.57732
1.89382
2.20491
2.57545
2.80476
0.104039
0.263895
0.616886
0.928103
1.21536
1.53055
1.88202
2.27444
2.59228
2.82326
0.108453
0.275394
0.609195
0.94727
1.22588
1.53508
1.90159
2.22821
2.57926
2.84953
0.107676
0.270804
0.5947
0.956392
1.19536
1.53944
1.90922
2.18547
2.49545
2.8086
0.104178
0.262849
0.588716
0.954306
1.20116
1.5185
1.90884
2.18798
2.49172
2.76736
0.100745
0.256507
0.589502
0.909146
1.2497
1.52756
1.86163
2.20134
2.48904
2.76019
0.0967222
0.251641
0.597821
0.916293
1.25681
1.56684
1.84058
2.21803
2.47153
2.73664
0.095767
0.252411
0.597006
0.929838
1.26844
1.56842
1.8614
2.24165
2.51615
2.81898
0.0958274
0.25412
0.598943
0.916762
1.26343
1.52612
1.89464
2.20618
2.53846
2.85567
0.0966784
0.257676
0.597089
0.915196
1.24173
1.52636
1.87407
2.17654
2.51696
2.83141
0.0959972
0.261293
0.584436
0.9137
1.2051
1.55529
1.79397
2.14023
2.46178
2.82045
0.0971775
0.279214
0.616515
0.894758
1.26432
1.55283
1.84182
2.19544
2.56192
2.82793
0.0977577
0.313087
0.618924
0.93124
1.29999
1.59151
1.94371
2.21699
2.53418
2.79054
0.0990327
0.344712
0.610247
0.959019
1.28455
1.63562
1.95838
2.21034
2.52484
2.77423
0.0949139
0.322201
0.647017
0.949298
1.29028
1.62912
1.89939
2.11186
2.50116
2.7403
0.0972763
0.290464
0.639505
0.957437
1.28848
1.60552
1.90858
2.04288
2.51039
2.79803
0.093467
0.324504
0.725518
0.990793
1.25432
1.61749
1.90289
2.15861
2.52259
2.85964
0.131642
0.426124
0.696222
1.08292
1.30319
1.60551
1.93366
2.27215
2.52037
2.87005
0.224735
0.493872
0.761122
1.13352
1.36993
1.63261
1.96815
2.27097
2.56056
2.84155
0.25307
0.540545
0.813696
1.13794
1.42666
1.681
1.98305
2.29687
2.61702
2.85314
0.503824
0.674199
1.00433
1.16195
1.36096
1.65906
1.99832
2.12743
2.39938
2.71863
0.507628
0.675166
0.96829
1.16086
1.40024
1.69266
2.00283
2.1716
2.48959
2.7432
0.356371
0.636909
0.880335
1.14956
1.40236
1.70032
1.99036
2.26717
2.53616
2.79185
0.272375
0.565171
0.821128
1.11991
1.37425
1.6338
1.92596
2.24513
2.56053
2.72201
0.285669
0.581726
0.81708
1.11849
1.37175
1.65314
1.95763
2.31099
2.57686
2.77612
0.286409
0.583858
0.832914
1.1227
1.41118
1.69523
2.02242
2.3419
2.60832
2.8365
0.278114
0.547329
0.853705
1.17105
1.4373
1.73888
2.05299
2.28768
2.62068
2.82879
0.30532
0.549368
0.855478
1.13913
1.42275
1.74683
2.04911
2.22138
2.60624
2.78221
0.276511
0.571189
0.882269
1.16978
1.46819
1.73117
2.02613
2.24467
2.56338
2.76588
0.254775
0.588511
0.886947
1.19112
1.45971
1.71982
2.01432
2.26984
2.53716
2.78913
0.294235
0.585176
0.855301
1.16518
1.44321
1.6947
2.01207
2.23848
2.55007
2.77507
0.321775
0.603341
0.852211
1.12972
1.40643
1.69934
2.01268
2.26391
2.60063
2.77537
0.302981
0.580829
0.864522
1.10934
1.40189
1.69046
1.98736
2.28008
2.60919
2.80486
0.277657
0.567407
0.857588
1.10857
1.43427
1.68835
2.01466
2.26497
2.59502
2.81765
0.281539
0.541551
0.868012
1.15462
1.45386
1.70251
2.02509
2.27276
2.55691
2.81395
0.261411
0.500437
0.856336
1.14797
1.41
1.70696
1.99991
2.25759
2.56501
2.80165
0.193783
0.471882
0.802098
1.04038
1.35514
1.62149
1.96346
2.20438
2.53737
2.78677
0.130064
0.451452
0.737613
0.976841
1.28828
1.54837
1.96293
2.17876
2.54504
2.8286
0.107324
0.359865
0.685522
0.915269
1.30079
1.54101
1.95062
2.19841
2.54657
2.81272
0.111788
0.295892
0.653447
0.926346
1.28494
1.57614
1.85881
2.1852
2.51831
2.76754
0.11784
0.288667
0.647855
0.934111
1.21628
1.55942
1.83186
2.13773
2.49754
2.74994
0.120791
0.281842
0.630502
0.952297
1.18847
1.52034
1.86628
2.16943
2.50921
2.74898
0.120777
0.287224
0.611492
0.919602
1.20875
1.4994
1.87797
2.1981
2.51597
2.75984
0.120182
0.287886
0.589471
0.922448
1.20516
1.4988
1.85377
2.18831
2.47913
2.77247
0.115595
0.287458
0.558528
0.927261
1.22294
1.51975
1.83928
2.17273
2.46702
2.78835
0.112073
0.287018
0.543741
0.92462
1.22569
1.50257
1.85705
2.15353
2.48949
2.81646
0.109671
0.288569
0.551321
0.915914
1.21808
1.53155
1.88368
2.17009
2.48143
2.79655
0.107579
0.286081
0.557201
0.883057
1.25219
1.53246
1.92318
2.19957
2.48511
2.77962
0.10698
0.282478
0.564146
0.923244
1.25209
1.52247
1.90005
2.19669
2.47985
2.79352
0.106818
0.281566
0.582866
0.928195
1.22813
1.54091
1.87613
2.19577
2.47369
2.7968
0.10607
0.280676
0.595056
0.902039
1.2293
1.56829
1.86373
2.19694
2.52189
2.80747
0.105504
0.285112
0.597778
0.917339
1.23235
1.54062
1.8868
2.21701
2.5228
2.812
0.105508
0.288607
0.621326
0.920711
1.25118
1.51927
1.86683
2.20686
2.49507
2.80358
0.106431
0.290078
0.616065
0.908225
1.26183
1.50672
1.81078
2.18875
2.50686
2.83177
0.108204
0.291743
0.611638
0.90554
1.2235
1.48293
1.78738
2.20342
2.5064
2.87565
0.10958
0.297072
0.617614
0.900232
1.21022
1.47139
1.83088
2.19167
2.50183
2.87676
0.109679
0.302745
0.615258
0.926573
1.23667
1.49438
1.86716
2.18204
2.50086
2.84365
0.109026
0.297308
0.618113
0.932411
1.23475
1.50092
1.86512
2.18726
2.52637
2.87476
0.109854
0.295046
0.644565
0.916425
1.21415
1.52313
1.85349
2.23634
2.51027
2.8842
0.11012
0.295227
0.635909
0.923941
1.23458
1.52152
1.85139
2.21921
2.47819
2.84348
0.108353
0.294424
0.608602
0.924912
1.24093
1.50376
1.85099
2.17637
2.49526
2.81771
0.108002
0.300807
0.618353
0.913538
1.23971
1.53826
1.89586
2.16656
2.52548
2.85434
0.106918
0.2941
0.627197
0.922554
1.21399
1.55998
1.88145
2.21426
2.51764
2.85386
0.105292
0.284263
0.614685
0.93068
1.23558
1.547
1.81876
2.24222
2.53495
2.85867
0.104713
0.290459
0.608025
0.929821
1.24624
1.52419
1.81604
2.21152
2.5323
2.85973
0.106383
0.297624
0.612629
0.924533
1.24411
1.54392
1.84342
2.18318
2.48385
2.83615
0.108911
0.3052
0.606348
0.931005
1.22707
1.56119
1.87774
2.20902
2.50023
2.83593
0.113261
0.311315
0.61125
0.918002
1.25892
1.56662
1.85398
2.21503
2.52713
2.78933
0.117482
0.306616
0.629503
0.943599
1.23149
1.55866
1.84337
2.17745
2.4956
2.7627
0.119899
0.302503
0.6293
0.960684
1.20241
1.54425
1.87441
2.19529
2.51288
2.78333
0.124092
0.330281
0.616821
0.962088
1.26519
1.54728
1.89707
2.19433
2.54909
2.79467
0.150972
0.379794
0.643707
0.972667
1.29682
1.62884
1.98669
2.22782
2.57993
2.77553
0.178559
0.444184
0.729829
0.997662
1.38661
1.66299
2.01072
2.25264
2.56951
2.78649
0.19243
0.513425
0.795797
1.07811
1.42146
1.64559
1.98262
2.26009
2.57329
2.80857
0.203494
0.540016
0.82983
1.13336
1.40116
1.64139
1.9873
2.30241
2.55733
2.79964
0.262604
0.530705
0.889064
1.14395
1.38169
1.68089
1.99524
2.27313
2.54858
2.79577
0.296544
0.57751
0.895697
1.12578
1.42569
1.71585
1.99637
2.2656
2.58725
2.77613
0.326167
0.589399
0.86725
1.12213
1.44159
1.73328
2.00934
2.28347
2.60719
2.79388
0.314002
0.566624
0.859618
1.14842
1.44623
1.73111
1.99298
2.27314
2.59415
2.83096
0.29021
0.55994
0.85952
1.1442
1.44709
1.6887
2.00829
2.27674
2.56492
2.82856
0.28737
0.535134
0.841661
1.13269
1.42183
1.6707
2.02036
2.26624
2.59187
2.83046
0.285058
0.53197
0.821052
1.13311
1.41832
1.70995
2.00754
2.26916
2.60598
2.81112
0.289414
0.556166
0.854086
1.14018
1.43131
1.73979
1.99624
2.28227
2.60408
2.77502
0.282521
0.5976
0.877093
1.11174
1.43631
1.7038
2.0277
2.27618
2.5992
2.7863
0.286164
0.549914
0.874497
1.12443
1.4546
1.708
2.05624
2.28366
2.59266
2.83021
0.304191
0.535935
0.88368
1.18141
1.43402
1.72031
2.005
2.2589
2.61772
2.8425
0.305121
0.563978
0.866261
1.168
1.41209
1.71219
1.95598
2.24092
2.59282
2.78585
0.311957
0.56197
0.843959
1.12212
1.41147
1.69872
1.98745
2.27117
2.56608
2.79322
0.3215
0.545413
0.838233
1.10003
1.40616
1.70576
2.00879
2.27278
2.59068
2.79373
0.295295
0.556485
0.871016
1.13244
1.42246
1.72341
2.02054
2.28383
2.60296
2.79207
0.297972
0.571172
0.885931
1.16673
1.45453
1.73094
2.03182
2.27134
2.57408
2.81309
0.341544
0.584805
0.870138
1.15782
1.44434
1.7124
2.03748
2.27201
2.56019
2.78388
0.330836
0.579173
0.872949
1.122
1.43788
1.6734
1.97362
2.27888
2.54632
2.75733
0.29255
0.567184
0.854278
1.1076
1.41203
1.69198
1.96343
2.25864
2.53779
2.77317
0.286123
0.575786
0.848652
1.14746
1.42848
1.72103
2.0022
2.25381
2.5891
2.8054
0.300678
0.572229
0.86377
1.14923
1.45884
1.69449
2.07599
2.24745
2.61143
2.81191
0.305712
0.542886
0.86294
1.1508
1.42988
1.73354
2.07319
2.2604
2.61185
2.78135
0.281867
0.516432
0.840343
1.15321
1.43519
1.76906
2.04564
2.28809
2.61438
2.76802
0.281709
0.520465
0.852505
1.15907
1.44325
1.7097
2.01409
2.28986
2.61149
2.79073
0.336966
0.578451
0.874904
1.13394
1.42536
1.73285
2.00908
2.26311
2.56115
2.77712
0.34193
0.599355
0.862236
1.10801
1.42414
1.73564
1.96698
2.2267
2.52446
2.74178
0.322923
0.596384
0.868599
1.12188
1.45523
1.69524
1.96035
2.2015
2.56898
2.77677
0.333
0.556759
0.920731
1.1927
1.46807
1.69767
2.01747
2.24579
2.60696
2.80341
0.343351
0.578958
0.905476
1.18394
1.50045
1.72578
2.04047
2.33594
2.61761
2.7944
0.314243
0.594004
0.89733
1.17315
1.51566
1.82374
2.08874
2.35162
2.56264
2.76212
0.293624
0.539506
0.895082
1.17941
1.48701
1.84407
2.09386
2.27108
2.4921
2.75679
0.318952
0.572694
0.879172
1.09859
1.40727
1.744
2.05971
2.26595
2.54701
2.83534
0.344999
0.552373
0.859202
1.11315
1.37834
1.69444
1.98604
2.29209
2.57892
2.89421
0.361748
0.555045
0.857721
1.15252
1.45017
1.69609
2.00377
2.2831
2.56598
2.85147
0.350705
0.615612
0.868131
1.17221
1.48736
1.7184
2.03591
2.27632
2.58556
2.8436
0.337489
0.626987
0.86824
1.14205
1.44503
1.7341
2.03044
2.29049
2.5674
2.8587
0.321552
0.572436
0.881568
1.12442
1.42344
1.70272
1.97469
2.29104
2.58813
2.83193
0.334599
0.54608
0.869717
1.12769
1.43631
1.69852
1.99406
2.29475
2.57958
2.82868
0.326826
0.560886
0.842641
1.14958
1.43152
1.73441
2.00913
2.28159
2.55332
2.85976
0.323637
0.586073
0.864927
1.1526
1.43706
1.70494
2.02572
2.26501
2.58364
2.87445
0.339845
0.563171
0.877294
1.12039
1.44945
1.69101
2.01023
2.26756
2.57051
2.84608
0.296352
0.537405
0.83196
1.13787
1.41045
1.71407
2.00107
2.29079
2.57428
2.81245
0.305858
0.569773
0.862495
1.15676
1.40204
1.73271
1.98142
2.33245
2.56031
2.84527
0.328216
0.577711
0.888465
1.14399
1.41939
1.74992
1.97789
2.30676
2.54455
2.92415
0.297948
0.571152
0.853756
1.15224
1.43599
1.74687
2.01702
2.31009
2.63666
2.8997
0.319976
0.579002
0.875829
1.15588
1.41535
1.60092
1.79389
2.08321
2.40215
2.68814
0.329845
0.594154
0.898653
1.16394
1.44666
1.64466
1.90434
2.23793
2.47157
2.76527
0.300487
0.567942
0.858769
1.1485
1.44418
1.69172
2.00104
2.25532
2.5403
2.79296
0.291353
0.531758
0.798137
1.17083
1.46004
1.77535
2.04072
2.26199
2.56185
2.77911
0.298753
0.555068
0.895987
1.22683
1.4615
1.83679
2.05273
2.30495
2.5761
2.7937
0.285576
0.643178
0.981331
1.22465
1.48132
1.82152
2.05914
2.32133
2.59035
2.82146
0.287663
0.579158
0.893461
1.14213
1.44629
1.71725
1.98791
2.29578
2.57817
2.78198
0.304186
0.541788
0.864462
1.12475
1.37492
1.61753
1.94814
2.24356
2.51452
2.83245
0.316875
0.543436
0.876119
1.14876
1.38004
1.66742
1.91675
2.24119
2.62792
2.80997
0.303
0.580515
0.89523
1.15174
1.41528
1.74453
1.95086
2.32074
2.64488
2.78932
0.279595
0.573276
0.879145
1.16451
1.42956
1.73852
1.99653
2.32583
2.61932
2.77846
0.280134
0.56839
0.869897
1.15053
1.44836
1.65195
2.0309
2.2966
2.56969
2.76381
0.296574
0.565493
0.863782
1.13846
1.46164
1.65313
2.01598
2.28094
2.54286
2.76875
0.307062
0.535487
0.845166
1.11175
1.42686
1.68473
1.97986
2.24819
2.55064
2.78266
0.27328
0.551006
0.833425
1.10781
1.41298
1.70002
1.97464
2.22873
2.59628
2.79401
0.252026
0.562496
0.835184
1.1061
1.43941
1.64763
1.96996
2.27083
2.62745
2.81417
0.139939
0.518076
0.863641
1.07344
1.46667
1.63993
1.93822
2.22683
2.65909
2.81624
0.0957211
0.306012
0.835692
1.03453
1.42785
1.64951
1.9043
2.21035
2.65118
2.79761
0.102435
0.292869
0.625179
0.970446
1.2557
1.56734
1.88838
2.21643
2.54172
2.75531
0.109126
0.310388
0.620759
0.891905
1.2481
1.54889
1.86444
2.22288
2.48251
2.78222
0.110798
0.302862
0.621125
0.885702
1.23158
1.52324
1.84278
2.20724
2.45435
2.86141
0.112187
0.290402
0.59259
0.943743
1.24576
1.5042
1.86639
2.19328
2.55272
2.82755
0.111734
0.280089
0.599372
0.968171
1.27641
1.57664
1.88745
2.19676
2.52253
2.80897
0.11143
0.284758
0.628489
0.928418
1.29096
1.6026
1.88619
2.21768
2.47291
2.83248
0.109257
0.291689
0.641567
0.92832
1.27054
1.54854
1.88224
2.19377
2.52524
2.86201
0.108331
0.290978
0.640888
0.946866
1.28247
1.48655
1.84868
2.20954
2.56192
2.83887
0.110999
0.292535
0.640087
0.966461
1.28581
1.47645
1.89631
2.21518
2.48086
2.81544
0.113618
0.301494
0.629201
0.945192
1.31903
1.50851
1.91897
2.19839
2.53122
2.8368
0.114734
0.303407
0.615922
0.933315
1.33251
1.58515
1.90828
2.22349
2.64996
2.82116
0.111522
0.301259
0.618313
0.963628
1.32346
1.59753
1.87413
2.21299
2.65234
2.81966
0.107872
0.297889
0.622249
0.971537
1.30227
1.52089
1.88575
2.17978
2.57563
2.81931
0.10444
0.294511
0.613658
0.967403
1.31038
1.48693
1.89302
2.19994
2.48755
2.85621
0.103307
0.297249
0.611793
0.983626
1.31102
1.54975
1.85472
2.20398
2.5082
2.85594
0.10219
0.294217
0.607318
0.976213
1.29773
1.57427
1.8813
2.22317
2.49342
2.80606
0.099982
0.285728
0.604653
0.946428
1.26973
1.55102
1.91559
2.24986
2.49564
2.85131
0.0981551
0.280514
0.636483
0.921348
1.26531
1.56146
1.87055
2.24516
2.50225
2.8859
0.0967162
0.28467
0.633853
0.955453
1.30532
1.55238
1.82475
2.21135
2.46862
2.87198
0.0947723
0.28563
0.613905
0.979089
1.30556
1.56538
1.83539
2.23125
2.47354
2.87858
0.092413
0.280377
0.615476
0.955438
1.29311
1.56412
1.87498
2.25001
2.49067
2.84554
0.0901241
0.270258
0.617307
0.935799
1.24763
1.57707
1.9002
2.22593
2.5482
2.84815
0.0893382
0.272295
0.646973
0.98235
1.23411
1.59303
1.85267
2.19346
2.5755
2.83888
0.0886475
0.27514
0.643244
1.05373
1.26302
1.5725
1.84703
2.23849
2.53464
2.79962
0.0874149
0.275568
0.604477
0.98937
1.27267
1.54536
1.86255
2.25966
2.52522
2.82225
0.0875709
0.278676
0.623569
0.907832
1.25432
1.5582
1.87539
2.23105
2.51375
2.83416
0.08785
0.272761
0.646288
0.953452
1.24925
1.56997
1.91444
2.2258
2.52919
2.7735
0.0888242
0.272859
0.650917
0.964964
1.29655
1.59283
1.87847
2.26469
2.56374
2.78942
0.0891156
0.274891
0.652739
0.956421
1.29558
1.61431
1.8622
2.30157
2.54827
2.81656
0.0882211
0.271236
0.627478
0.938142
1.25337
1.62741
1.88552
2.29491
2.51524
2.80262
0.0878884
0.271456
0.637663
0.950126
1.25248
1.58881
1.861
2.23109
2.49214
2.80579
0.0890889
0.271622
0.653405
0.963556
1.26072
1.57905
1.88931
2.19355
2.50387
2.8046
0.0898933
0.271262
0.624792
0.951396
1.28845
1.58932
1.93896
2.21117
2.52196
2.78928
0.0909777
0.287822
0.658408
0.925934
1.28078
1.58728
1.90782
2.25432
2.51829
2.80598
0.0917413
0.286111
0.649313
0.932542
1.27965
1.56449
1.8969
2.22882
2.52826
2.80146
0.0919215
0.276535
0.624503
0.928474
1.25031
1.53407
1.8992
2.20292
2.52808
2.79552
0.0914439
0.274332
0.612764
0.9371
1.24557
1.54178
1.87741
2.18665
2.52125
2.82216
0.0896728
0.266435
0.593821
0.947533
1.28243
1.5724
1.87997
2.19892
2.50629
2.84138
0.0878443
0.26618
0.605941
0.952262
1.31029
1.55868
1.87324
2.27293
2.47125
2.82864
0.0857538
0.265839
0.64669
0.969685
1.30527
1.54571
1.89577
2.28628
2.47431
2.82823
0.0860063
0.261627
0.644167
0.985716
1.2769
1.56309
1.89602
2.25849
2.50831
2.89084
0.0857915
0.271672
0.678679
0.980268
1.22421
1.56809
1.88815
2.25358
2.54225
2.88395
0.0895696
0.276371
0.669629
0.954502
1.24308
1.58942
1.90359
2.23395
2.54887
2.83653
0.0907911
0.27448
0.668167
0.948615
1.26456
1.63763
1.91652
2.23348
2.55057
2.79187
0.0907722
0.279899
0.656095
0.914157
1.28461
1.66294
1.94289
2.25597
2.55347
2.78644
0.0894726
0.272272
0.64125
0.894514
1.35285
1.6424
1.8658
2.27152
2.58681
2.79502
0.0882247
0.273867
0.661716
0.94105
1.30689
1.59543
1.86921
2.24247
2.59204
2.79102
0.0876272
0.286777
0.664992
0.944053
1.26779
1.56247
1.91263
2.21417
2.56078
2.79005
0.0866574
0.280373
0.662572
0.941885
1.32231
1.58672
1.88221
2.20837
2.50452
2.81645
0.0858095
0.273493
0.677063
0.913275
1.32958
1.58757
1.88936
2.18415
2.50302
2.8334
0.0840098
0.247778
0.731566
0.935536
1.27182
1.60658
1.88658
2.23462
2.54055
2.82482
0.0838265
0.269767
0.694557
0.935965
1.26439
1.56691
1.88177
2.21745
2.54553
2.81549
0.0826077
0.270201
0.666977
0.896294
1.3133
1.54167
1.86678
2.1887
2.53913
2.82157
0.0829965
0.248883
0.68772
0.899914
1.29684
1.56955
1.86528
2.21298
2.51455
2.85966
0.0855361
0.263038
0.675021
0.89147
1.28866
1.61756
1.90887
2.21858
2.5379
2.83512
0.0895523
0.296157
0.65344
0.902944
1.26168
1.59841
1.9115
2.20664
2.57809
2.82888
0.0910912
0.290917
0.666357
0.921801
1.23622
1.57205
1.90035
2.19536
2.53516
2.82381
0.113041
0.300075
0.587289
0.931064
1.27252
1.53302
1.87059
2.1788
2.44446
2.81812
0.140398
0.383343
0.542122
0.867014
1.29482
1.52122
1.91139
2.19861
2.34838
2.7684
0.165585
0.399119
0.535735
0.904302
1.29638
1.5447
1.94697
2.19484
2.34482
2.70987
0.174907
0.40768
0.580284
0.957834
1.29969
1.56198
1.95969
2.2084
2.41425
2.76334
0.222836
0.521373
0.662281
1.07371
1.37148
1.58025
1.90134
2.24095
2.49432
2.82423
0.296552
0.540981
0.759497
1.13895
1.38931
1.59689
1.89792
2.2667
2.51521
2.84035
0.364264
0.537214
0.830609
1.13426
1.40925
1.66368
1.99541
2.26862
2.55319
2.86429
0.363104
0.580231
0.858664
1.13954
1.4205
1.71279
2.00044
2.26559
2.57879
2.87689
0.318666
0.588624
0.841771
1.1361
1.45385
1.72559
2.02367
2.27788
2.55681
2.85197
0.277872
0.556607
0.850805
1.15664
1.4469
1.75066
2.04118
2.25512
2.53834
2.84017
0.289171
0.542335
0.867134
1.15752
1.42803
1.7249
2.02032
2.24766
2.54526
2.87408
0.301312
0.565207
0.854682
1.15554
1.40404
1.71844
1.97884
2.28788
2.59703
2.8573
0.291459
0.585252
0.845354
1.1437
1.43261
1.73639
1.97323
2.29169
2.59387
2.82671
0.304201
0.583832
0.856289
1.15028
1.48387
1.76216
1.98492
2.30429
2.57786
2.86237
0.279508
0.608998
0.888336
1.16574
1.47271
1.75224
2.027
2.29921
2.57833
2.89548
0.145453
0.525613
0.750712
1.10338
1.38865
1.73673
2.02664
2.29193
2.62458
2.85961
0.292388
0.444207
0.642508
0.957077
1.26955
1.50555
1.87698
2.17476
2.37949
2.73757
0.149042
0.388352
0.633487
0.9459
1.24787
1.52656
1.86763
2.135
2.40892
2.71808
0.129095
0.364364
0.645368
0.949506
1.23764
1.53884
1.85845
2.12736
2.41555
2.80961
0.106522
0.304854
0.66936
0.965158
1.26417
1.5834
1.88815
2.19247
2.50643
2.83276
0.105276
0.296352
0.629464
0.929663
1.22167
1.52142
1.83021
2.21987
2.5237
2.79765
0.12763
0.372515
0.628806
0.94501
1.20096
1.49136
1.76138
2.06234
2.45148
2.79664
0.129804
0.383853
0.644676
0.945206
1.22657
1.48945
1.78262
2.07712
2.48779
2.76247
0.115429
0.298094
0.609205
0.944662
1.24663
1.57923
1.88479
2.20096
2.53377
2.79802
0.114729
0.299183
0.588045
0.945775
1.22691
1.59936
1.90073
2.19135
2.51625
2.82216
0.116524
0.308252
0.584257
0.936047
1.24619
1.52291
1.88152
2.15684
2.49866
2.82427
0.122646
0.306979
0.566966
0.906146
1.2595
1.49447
1.81941
2.19503
2.48507
2.80816
0.119595
0.301396
0.600935
0.894403
1.22983
1.51409
1.77149
2.16778
2.60875
2.8463
0.103759
0.303597
0.635458
0.918865
1.24857
1.5817
1.90319
2.1756
2.61266
2.84031
0.0922191
0.323032
0.711788
1.02202
1.29108
1.61053
1.99776
2.20892
2.58133
2.81195
0.105378
0.412242
0.756061
1.04755
1.3028
1.55164
2.03187
2.21193
2.54858
2.79433
0.149204
0.519653
0.716951
1.08316
1.34787
1.59548
2.02554
2.21065
2.53998
2.78576
0.256781
0.55653
0.712271
1.1077
1.41018
1.65337
2.00755
2.20867
2.57915
2.7693
0.338064
0.568661
0.777974
1.11708
1.42171
1.72143
1.9776
2.23967
2.58271
2.80321
0.362881
0.549905
0.85234
1.116
1.3916
1.74427
1.9888
2.26958
2.58302
2.82986
0.295873
0.54239
0.867727
1.11162
1.46174
1.7326
1.95951
2.29008
2.5967
2.88527
0.144157
0.501361
0.829908
1.09141
1.4268
1.72393
1.94208
2.34347
2.62063
2.93939
0.195297
0.45485
0.676293
1.0042
1.32906
1.54928
1.88844
2.16587
2.51839
2.74093
0.0961055
0.341788
0.640815
0.951153
1.28636
1.55302
1.90259
2.18059
2.54169
2.7569
0.0533647
0.295935
0.658951
0.937585
1.28491
1.56857
1.94006
2.21136
2.5926
2.79606
0.0532296
0.272044
0.627046
0.917566
1.28844
1.59541
1.95416
2.21547
2.64125
2.82576
0.102817
0.361523
0.571063
0.959017
1.26691
1.59979
1.8871
2.17301
2.51195
2.76982
0.232873
0.390431
0.683627
1.024
1.28891
1.61294
1.86316
2.18588
2.49815
2.75587
0.257782
0.440994
0.779503
1.08296
1.35087
1.63178
1.9106
2.25247
2.54599
2.79224
0.29022
0.544673
0.850224
1.1199
1.38658
1.66969
1.9462
2.26055
2.58352
2.80247
0.273005
0.571603
0.858205
1.12122
1.40923
1.71466
1.97891
2.2605
2.59426
2.8247
0.266237
0.548546
0.845656
1.12079
1.43202
1.7065
1.98782
2.25946
2.57901
2.81291
0.227767
0.490458
0.755842
1.06431
1.35782
1.64859
1.91136
2.23507
2.53177
2.74102
0.10463
0.429403
0.671014
1.04295
1.29475
1.59365
1.90617
2.2383
2.50997
2.76226
0.0477147
0.36497
0.6463
0.990073
1.2777
1.57341
1.88473
2.2105
2.50362
2.76888
0.0432212
0.321317
0.668936
0.935646
1.278
1.56774
1.8826
2.17488
2.54575
2.76316
0.0638807
0.316692
0.631003
0.948215
1.23212
1.55294
1.91402
2.19052
2.55074
2.78477
0.0783157
0.323145
0.593942
0.946802
1.24309
1.58235
1.93388
2.19028
2.53132
2.79367
0.0921602
0.319478
0.623078
0.942001
1.28773
1.55234
1.86103
2.16492
2.48815
2.78576
0.101113
0.311054
0.620314
0.909271
1.31114
1.52871
1.84766
2.19028
2.54515
2.84296
0.0974154
0.307568
0.620124
0.898874
1.2753
1.51486
1.94907
2.21984
2.5464
2.8316
0.100845
0.309559
0.623016
0.926358
1.28516
1.57513
1.90649
2.21143
2.51321
2.8116
0.102838
0.302552
0.607078
0.929977
1.26415
1.58572
1.85321
2.19425
2.53042
2.82531
0.101722
0.296668
0.576195
0.915118
1.22995
1.51328
1.87304
2.21986
2.54424
2.79956
0.0982935
0.305148
0.58589
0.908282
1.21324
1.48403
1.88638
2.23445
2.54489
2.79087
0.0975379
0.308177
0.591764
0.923224
1.23972
1.51548
1.85911
2.19956
2.52689
2.82953
0.0996913
0.296515
0.604594
0.945152
1.22434
1.5352
1.85816
2.14883
2.5391
2.83267
0.0981345
0.283846
0.615542
0.951733
1.22642
1.53474
1.85357
2.1902
2.55368
2.82744
0.0970215
0.283438
0.625987
0.930918
1.22777
1.54444
1.85483
2.23756
2.56327
2.85945
0.0958023
0.276891
0.620905
0.922328
1.17028
1.55011
1.84783
2.24055
2.56625
2.82633
0.0966068
0.278166
0.637512
0.893397
1.17769
1.51754
1.84686
2.1826
2.51704
2.81102
0.0957133
0.275892
0.636821
0.900672
1.19261
1.52957
1.84246
2.17451
2.53287
2.87554
0.0949916
0.268469
0.604963
0.916903
1.21699
1.56273
1.84171
2.16785
2.57747
2.87699
0.0932548
0.269729
0.597977
0.914228
1.23175
1.56267
1.85548
2.15849
2.52008
2.83751
0.092429
0.263622
0.593579
0.930236
1.22358
1.53851
1.87097
2.20735
2.48951
2.80706
0.0923902
0.264883
0.597269
0.898413
1.25641
1.56544
1.90138
2.22446
2.53302
2.80719
0.0937796
0.272537
0.617175
0.884482
1.25992
1.56611
1.8563
2.21635
2.51796
2.84486
0.0930529
0.265089
0.614118
0.87581
1.24878
1.52974
1.86449
2.25369
2.50561
2.85167
0.0929685
0.266219
0.615273
0.872449
1.22438
1.52734
1.90765
2.22089
2.50968
2.8084
0.0922489
0.268539
0.589686
0.898798
1.23931
1.55066
1.90083
2.20981
2.53862
2.78742
0.0929035
0.273008
0.580365
0.890333
1.28963
1.57268
1.89524
2.24163
2.52447
2.80314
0.0936155
0.275917
0.596
0.903884
1.27258
1.55263
1.89042
2.25354
2.51056
2.80345
0.0925561
0.270576
0.588931
0.936368
1.23909
1.54599
1.88172
2.22411
2.51544
2.7794
0.0915608
0.272717
0.586989
0.918896
1.23426
1.54851
1.85926
2.16632
2.51529
2.73514
0.0919534
0.276698
0.587025
0.911244
1.2425
1.53577
1.8694
2.2166
2.57145
2.78896
0.0948293
0.280914
0.608543
0.918099
1.20599
1.55129
1.90904
2.22341
2.5789
2.83762
0.0976629
0.278262
0.608182
0.912781
1.24021
1.57107
1.86774
2.18829
2.53015
2.83568
0.0979854
0.277012
0.595397
0.889575
1.27252
1.57233
1.83869
2.19294
2.52536
2.79851
0.0999081
0.281195
0.607601
0.885765
1.22375
1.5518
1.87236
2.23384
2.5288
2.77925
0.0997356
0.281206
0.599807
0.909043
1.23043
1.54014
1.90082
2.20776
2.53067
2.76738
0.101379
0.285775
0.604643
0.988563
1.25182
1.54508
1.89262
2.19964
2.5239
2.7551
0.102461
0.296832
0.638044
1.01083
1.25173
1.55627
1.89252
2.18008
2.4989
2.77088
0.0979101
0.312182
0.668199
0.983434
1.28758
1.57057
1.84107
2.09527
2.50944
2.80911
0.0893226
0.326757
0.637356
0.977043
1.31243
1.57375
1.80661
2.0105
2.53524
2.82475
0.0853963
0.236823
0.588422
0.971652
1.2935
1.55443
1.90974
2.24145
2.60822
2.83726
0.092957
0.257859
0.592623
0.944823
1.26626
1.60105
1.92997
2.23127
2.58381
2.85407
0.0943247
0.300249
0.65987
0.977582
1.23174
1.63511
1.94023
2.22073
2.55032
2.85159
0.0803571
0.318882
0.733042
0.990493
1.27578
1.69872
1.93725
2.21911
2.56684
2.84438
0.193823
0.517885
0.755354
1.10519
1.31865
1.46444
1.68611
2.11528
2.42857
2.67011
0.340413
0.529353
0.802245
1.11494
1.34712
1.48952
1.80681
2.18432
2.45007
2.70671
0.306983
0.554019
0.815428
1.14131
1.37537
1.5878
1.9553
2.24754
2.57908
2.79091
0.328599
0.578346
0.873012
1.17437
1.44246
1.72569
2.04221
2.29767
2.59984
2.81069
0.352595
0.591504
0.914104
1.18813
1.47692
1.74948
2.08175
2.27538
2.5882
2.8056
0.344465
0.628935
0.942657
1.20907
1.50515
1.73955
2.09617
2.24699
2.60101
2.79903
0.248277
0.59038
0.886229
1.25201
1.53524
1.7071
2.06003
2.26497
2.60245
2.77925
0.118701
0.396617
0.832241
1.12874
1.5013
1.6694
2.00299
2.26621
2.60078
2.77268
0.114995
0.251525
0.669971
1.04372
1.3564
1.60374
1.9499
2.26715
2.60244
2.8281
0.112338
0.276782
0.614455
0.96125
1.26582
1.53894
1.85001
2.19258
2.50936
2.81032
0.104028
0.281258
0.616512
0.927608
1.23688
1.51091
1.83196
2.20062
2.50383
2.79372
0.102154
0.280802
0.599931
0.920955
1.26542
1.5192
1.87797
2.234
2.51747
2.8187
0.101474
0.283882
0.56441
0.92503
1.23094
1.57151
1.88036
2.23353
2.52502
2.80929
0.102597
0.282731
0.576832
0.936517
1.24658
1.5772
1.85735
2.23355
2.55296
2.80872
0.101176
0.273706
0.577326
0.899915
1.27527
1.52596
1.85461
2.22523
2.52778
2.81002
0.099973
0.268725
0.581218
0.891165
1.2438
1.50554
1.89335
2.20711
2.49552
2.8066
0.0998393
0.269835
0.615666
0.900964
1.20432
1.51392
1.88677
2.20879
2.54711
2.82976
0.0991832
0.26895
0.608074
0.894176
1.18656
1.51249
1.87214
2.19905
2.5876
2.83584
0.0976371
0.265911
0.600937
0.922773
1.2057
1.49757
1.88764
2.21522
2.55324
2.83863
0.096193
0.260037
0.611187
0.947429
1.22108
1.53151
1.85478
2.25129
2.49703
2.84355
0.0948315
0.262993
0.614716
0.883939
1.2459
1.59932
1.83914
2.26837
2.50583
2.83801
0.0946546
0.25614
0.60161
0.849615
1.28272
1.61367
1.89331
2.22834
2.54488
2.82845
0.0937342
0.257036
0.578799
0.909661
1.25424
1.55556
1.90445
2.19953
2.52947
2.80685
0.0940267
0.266187
0.600573
0.891796
1.23211
1.53365
1.87378
2.20401
2.49222
2.86643
0.0933049
0.256951
0.600844
0.895223
1.24221
1.56091
1.87451
2.20437
2.48224
2.87173
0.0936237
0.265863
0.589451
0.920246
1.23249
1.5112
1.8898
2.20871
2.50252
2.84378
0.0944229
0.269283
0.585772
0.910295
1.22331
1.51598
1.87787
2.22572
2.50573
2.85274
0.0947565
0.264241
0.587358
0.869051
1.21916
1.54983
1.87193
2.26227
2.495
2.84962
0.0968276
0.279105
0.600455
0.870473
1.22953
1.54788
1.86715
2.23111
2.51901
2.82392
0.0981064
0.282802
0.584879
0.903753
1.25481
1.57799
1.8845
2.18054
2.52304
2.84488
0.0981883
0.291324
0.600135
0.906545
1.20904
1.52915
1.90505
2.18474
2.50616
2.83621
0.0966856
0.302641
0.60943
0.903812
1.21516
1.48684
1.87469
2.21229
2.49992
2.80426
0.0953352
0.299574
0.599006
0.912947
1.27614
1.47311
1.85136
2.18324
2.55001
2.80887
0.0959299
0.288104
0.601784
0.938387
1.28029
1.5042
1.83084
2.15736
2.56239
2.80266
0.0980907
0.285868
0.602314
0.936766
1.23773
1.58184
1.82179
2.17767
2.5226
2.81751
0.100209
0.300794
0.586921
0.934779
1.21105
1.55933
1.88565
2.20121
2.51896
2.77455
0.104894
0.318531
0.58535
0.935477
1.24218
1.50201
1.87174
2.19258
2.52775
2.77121
0.110036
0.324946
0.577117
0.948956
1.23744
1.52005
1.8507
2.16111
2.53051
2.76793
0.120959
0.345959
0.569543
0.945435
1.22386
1.53634
1.85512
2.13056
2.52993
2.7747
0.13501
0.357663
0.613678
0.948607
1.29239
1.59728
1.91957
2.22136
2.58626
2.81812
0.18938
0.418943
0.703166
1.04786
1.33819
1.64763
2.01963
2.25554
2.62826
2.80674
0.274225
0.489142
0.788519
1.12165
1.38717
1.72081
2.01015
2.24942
2.62918
2.82822
0.326414
0.55528
0.864427
1.13079
1.43907
1.73673
2.06154
2.28269
2.6109
2.81656
0.321904
0.563615
0.861546
1.14084
1.46501
1.73633
2.07921
2.29203
2.58117
2.78574
0.327749
0.550048
0.876241
1.14574
1.50324
1.71337
2.05578
2.27475
2.62953
2.81206
0.32601
0.549898
0.885187
1.1504
1.49214
1.7187
2.01554
2.22186
2.66366
2.82962
0.314474
0.564371
0.890114
1.18984
1.4412
1.72157
2.01098
2.20888
2.58303
2.80114
0.270445
0.588316
0.862929
1.24862
1.44253
1.7161
1.97466
2.24705
2.55486
2.75935
0.315291
0.603523
0.864861
1.20478
1.43092
1.69614
1.98913
2.27952
2.60737
2.81698
0.338153
0.596732
0.890505
1.14468
1.41193
1.69416
2.01066
2.28668
2.61105
2.82748
0.28014
0.566912
0.916778
1.11966
1.41124
1.72865
2.00052
2.27612
2.58144
2.80638
0.255363
0.529483
0.87834
1.11855
1.40404
1.69631
2.029
2.28405
2.58039
2.80747
0.243976
0.527713
0.873689
1.15566
1.38218
1.68496
2.01001
2.26206
2.61616
2.84305
0.293573
0.583106
0.881309
1.17572
1.39097
1.69803
1.98751
2.26547
2.57389
2.83809
0.307325
0.573864
0.836736
1.13639
1.42372
1.6996
1.9741
2.23791
2.52567
2.79037
0.293444
0.558694
0.857213
1.14486
1.39749
1.69143
1.98955
2.24704
2.56978
2.8002
0.304314
0.555941
0.8486
1.1547
1.43643
1.71204
2.04718
2.30073
2.59104
2.81985
0.287115
0.565166
0.850763
1.1404
1.47556
1.72941
2.04817
2.30147
2.565
2.84361
0.26895
0.592898
0.850452
1.15078
1.4331
1.71762
1.99141
2.27723
2.54591
2.86834
0.27821
0.56333
0.837216
1.12806
1.40955
1.69105
1.96254
2.27809
2.56447
2.85085
0.243814
0.553528
0.824807
1.10076
1.37604
1.67854
1.9913
2.27696
2.57343
2.84096
0.122889
0.526029
0.835217
1.05713
1.34032
1.70167
2.00091
2.23545
2.58202
2.83069
0.105758
0.301931
0.756055
1.03133
1.30566
1.68125
2.00307
2.17417
2.55194
2.79744
0.106521
0.268721
0.569344
0.989043
1.30553
1.64021
2.01793
2.21785
2.6081
2.76749
0.103378
0.297736
0.596792
0.922988
1.32181
1.65967
2.06379
2.24811
2.60618
2.74319
0.103251
0.304968
0.60956
0.913272
1.32186
1.67609
2.09755
2.26945
2.60368
2.73327
0.100977
0.282543
0.594677
0.875744
1.28225
1.5973
2.00236
2.26441
2.59663
2.75463
0.0982906
0.259927
0.577869
0.89662
1.2527
1.55906
1.89921
2.22386
2.52281
2.82686
0.098286
0.255483
0.569061
0.930428
1.25031
1.56681
1.87316
2.22973
2.50011
2.83431
0.097511
0.253727
0.58185
0.932007
1.23604
1.56503
1.85717
2.233
2.5055
2.84143
0.0964631
0.250344
0.598212
0.916929
1.24386
1.56893
1.89293
2.24214
2.51006
2.84067
0.0980464
0.249845
0.613273
0.914747
1.24869
1.60233
1.94005
2.2255
2.51309
2.83686
0.0994131
0.253429
0.598556
0.912275
1.25308
1.57828
1.91274
2.23459
2.51542
2.81635
0.102269
0.259871
0.583132
0.900255
1.26034
1.55241
1.86426
2.28356
2.51809
2.82673
0.107923
0.27956
0.599852
0.899266
1.2564
1.57185
1.88414
2.22776
2.53489
2.83521
0.11628
0.307928
0.646793
0.935771
1.26425
1.57493
1.9127
2.18442
2.50286
2.78666
0.118855
0.323632
0.641115
0.941411
1.26204
1.57157
1.90354
2.1938
2.51571
2.78799
0.112628
0.288827
0.629005
0.951517
1.24859
1.58033
1.91281
2.23112
2.47377
2.81242
0.122781
0.304181
0.620638
1.01201
1.2197
1.54602
1.89761
2.24937
2.4215
2.8484
0.137818
0.335925
0.633168
1.03971
1.23387
1.55602
1.89424
2.24722
2.43509
2.81345
0.167592
0.433588
0.647316
0.99858
1.24714
1.52246
1.85415
2.1264
2.42607
2.65776
0.168669
0.431161
0.632883
0.991559
1.23839
1.50631
1.8175
2.07149
2.37315
2.65123
0.155337
0.419683
0.614945
0.981337
1.2362
1.5378
1.81533
2.08061
2.31968
2.72259
0.15129
0.431998
0.676474
0.92872
1.37829
1.68526
1.99281
2.24539
2.58323
2.85093
0.164487
0.537021
0.730287
1.02784
1.44966
1.69951
1.97296
2.28059
2.59228
2.85648
0.222224
0.576503
0.769693
1.1348
1.41782
1.68125
2.01092
2.30109
2.57875
2.88762
0.273913
0.557123
0.830788
1.15395
1.4354
1.69204
2.04979
2.30917
2.58354
2.86286
0.259339
0.580249
0.840919
1.1551
1.45283
1.7228
2.02225
2.27735
2.56595
2.85483
0.278636
0.589825
0.847335
1.13951
1.43296
1.71831
1.98679
2.25769
2.56214
2.83624
0.335311
0.570949
0.866016
1.11873
1.40918
1.71446
1.98663
2.25341
2.54524
2.82122
0.33457
0.601367
0.867885
1.15774
1.42034
1.71529
1.98416
2.27568
2.55255
2.88265
0.266815
0.573286
0.834788
1.15791
1.43383
1.70319
1.99136
2.30453
2.56856
2.88537
0.261545
0.554225
0.856811
1.15461
1.41617
1.73137
2.01082
2.2949
2.61289
2.83562
0.228087
0.538747
0.875028
1.16858
1.38146
1.73371
1.98874
2.25072
2.5937
2.84713
0.154235
0.449538
0.582319
0.961293
1.12557
1.44312
1.87436
2.17604
2.53779
2.78278
0.135427
0.438781
0.588367
0.973774
1.10967
1.37474
1.84163
2.16894
2.55203
2.72932
0.120232
0.414509
0.632796
0.980287
1.1232
1.43233
1.8708
2.16464
2.54907
2.74373
0.103387
0.335837
0.624841
0.954295
1.1761
1.47595
1.90275
2.19099
2.51505
2.78441
0.0979645
0.311019
0.621033
0.946388
1.21102
1.50647
1.84093
2.16836
2.50643
2.8137
0.104858
0.336631
0.628865
0.933909
1.20299
1.52623
1.83131
2.09571
2.50765
2.79248
0.0957271
0.30495
0.631748
0.940599
1.24947
1.57172
1.89808
2.17506
2.53741
2.80463
0.0926166
0.274032
0.631674
0.962891
1.24832
1.57233
1.90898
2.24063
2.5585
2.82828
0.0941688
0.289792
0.633773
0.917857
1.21319
1.58565
1.89716
2.24733
2.54881
2.81115
0.0939566
0.322282
0.664831
0.932952
1.32664
1.63859
1.93567
2.21859
2.5638
2.76332
0.103018
0.319127
0.674231
0.959447
1.35363
1.65693
1.94274
2.21796
2.57794
2.75872
0.104942
0.28869
0.65339
0.965885
1.2852
1.63466
1.9282
2.18746
2.56234
2.75821
0.0963168
0.265258
0.610408
0.949636
1.26244
1.57711
1.89233
2.177
2.51749
2.76872
0.091932
0.259849
0.6
0.933769
1.29676
1.55472
1.90976
2.19035
2.53705
2.83478
0.089594
0.259846
0.624573
0.966855
1.30424
1.54577
1.93082
2.21389
2.5692
2.83896
0.0893735
0.265675
0.636138
0.969121
1.27318
1.54066
1.92
2.25029
2.56885
2.82353
0.089415
0.25841
0.634368
0.966547
1.27767
1.54151
1.93028
2.24878
2.51801
2.82329
0.089641
0.257341
0.636827
0.959291
1.32754
1.55431
1.91987
2.22404
2.49965
2.8209
0.0896157
0.258174
0.64771
0.97781
1.34475
1.54559
1.88912
2.20139
2.49603
2.79772
0.0891907
0.25984
0.65355
0.975112
1.34817
1.54859
1.86437
2.20437
2.51546
2.78373
0.0893788
0.253947
0.6518
0.913318
1.32427
1.56416
1.88018
2.25577
2.55121
2.81627
0.0910123
0.249149
0.644813
0.914381
1.30822
1.57172
1.92155
2.25295
2.54365
2.79089
0.0917451
0.251892
0.632239
0.926433
1.29101
1.55938
1.89505
2.22725
2.54341
2.77024
0.0928494
0.254586
0.63
0.924933
1.29606
1.54405
1.81928
2.18764
2.50797
2.77634
0.094672
0.262868
0.635454
0.944901
1.28705
1.56851
1.84481
2.15974
2.52012
2.78166
0.0949175
0.269078
0.634099
0.958198
1.27424
1.62034
1.93966
2.19556
2.57827
2.80061
0.0954673
0.272691
0.618746
0.959125
1.27812
1.60012
1.96299
2.20548
2.57143
2.80221
0.0973841
0.274189
0.60241
0.937161
1.27844
1.55086
1.88909
2.21468
2.49034
2.79486
0.100123
0.282855
0.603958
0.927625
1.23202
1.54768
1.8338
2.17098
2.46895
2.80709
0.101645
0.287989
0.618395
0.937247
1.23141
1.566
1.86998
2.15282
2.5104
2.81727
0.101159
0.284333
0.621509
0.935288
1.26188
1.56828
1.87863
2.2349
2.52385
2.80412
0.100943
0.277209
0.626669
0.903673
1.27858
1.5768
1.92047
2.2458
2.56352
2.83146
0.101458
0.283949
0.631695
0.925404
1.28135
1.55841
1.91097
2.16402
2.61563
2.83762
0.101743
0.285511
0.62658
0.930397
1.27717
1.56526
1.88503
2.21699
2.56753
2.81988
0.10248
0.281398
0.620254
0.911534
1.24731
1.59555
1.90532
2.24174
2.51748
2.82544
0.103644
0.285461
0.622296
0.920537
1.2234
1.61792
1.92256
2.18218
2.55222
2.81398
0.107174
0.28972
0.629006
0.906934
1.25057
1.5843
1.90808
2.16446
2.54623
2.81801
0.11179
0.293677
0.643886
0.927566
1.23291
1.53249
1.86744
2.21488
2.48918
2.83253
0.115767
0.295692
0.64452
0.930398
1.22372
1.53059
1.83575
2.22159
2.48957
2.79911
0.117418
0.295946
0.627925
0.918103
1.2112
1.55559
1.89042
2.2071
2.52178
2.77084
0.11809
0.30175
0.616796
0.936735
1.1871
1.53055
1.92719
2.22084
2.53093
2.8017
0.120259
0.303607
0.641887
0.947347
1.20552
1.50278
1.88622
2.20528
2.55598
2.82104
0.122618
0.306557
0.660205
0.95654
1.22411
1.5161
1.85403
2.15762
2.55614
2.84527
0.121648
0.303493
0.643425
0.961629
1.21658
1.51679
1.86371
2.1552
2.48134
2.85357
0.117598
0.300423
0.633853
0.948963
1.18613
1.54488
1.86326
2.18515
2.49227
2.83799
0.11475
0.296981
0.650201
0.919169
1.17425
1.52236
1.85186
2.22049
2.522
2.79887
0.112825
0.287971
0.639588
0.881507
1.22517
1.5181
1.87847
2.18501
2.50739
2.80235
0.110114
0.285596
0.63661
0.893691
1.26005
1.53674
1.87954
2.15094
2.4639
2.82095
0.107155
0.280052
0.63774
0.921232
1.28327
1.55781
1.8829
2.18845
2.46121
2.82025
0.103908
0.268216
0.653722
0.941002
1.29065
1.55456
1.89759
2.21003
2.48228
2.82368
0.10149
0.255896
0.666925
0.893317
1.27394
1.53303
1.89397
2.1782
2.49668
2.80258
0.102824
0.256334
0.629075
0.863215
1.23112
1.54209
1.90476
2.15886
2.56382
2.81247
0.103528
0.269797
0.639413
0.898065
1.1945
1.51819
1.88826
2.16405
2.57554
2.82278
0.106374
0.294977
0.673729
0.902277
1.18734
1.49216
1.86832
2.17632
2.52679
2.79582
0.11003
0.3178
0.68928
0.924038
1.22758
1.51705
1.86315
2.18944
2.50124
2.75923
0.121735
0.34635
0.689386
0.965202
1.26751
1.57366
1.86246
2.22404
2.53134
2.77866
0.145901
0.336077
0.677004
0.94013
1.25718
1.58103
1.89641
2.22999
2.52284
2.77985
0.141744
0.311075
0.676018
0.918448
1.23503
1.55707
1.90666
2.22813
2.47853
2.77862
0.13439
0.345922
0.684868
0.925004
1.24329
1.5781
1.94294
2.18467
2.54012
2.81682
0.13861
0.426126
0.73836
0.957514
1.33732
1.61235
1.9237
2.18169
2.56179
2.84008
0.173849
0.479925
0.761859
1.04258
1.38955
1.64123
1.93084
2.23987
2.54036
2.82809
0.26126
0.492087
0.832623
1.11723
1.39222
1.67673
1.99368
2.25666
2.52858
2.75703
0.268469
0.550435
0.839594
1.12964
1.4282
1.68806
2.00561
2.24465
2.59332
2.7648
0.270475
0.605006
0.859726
1.16008
1.4563
1.66488
1.98031
2.26322
2.60134
2.78983
0.279256
0.581178
0.859685
1.13261
1.43338
1.65637
1.9856
2.28248
2.56394
2.82451
0.301291
0.570086
0.83877
1.10967
1.42498
1.69209
2.00948
2.30496
2.53771
2.82769
0.329855
0.559642
0.83801
1.14291
1.43805
1.71377
1.99058
2.27456
2.57467
2.84207
0.289296
0.557071
0.85387
1.15192
1.42745
1.72728
1.98683
2.26599
2.5805
2.8387
0.2832
0.618146
0.843797
1.13673
1.44377
1.7006
2.02776
2.28573
2.55389
2.82611
0.334265
0.620981
0.840356
1.13851
1.46394
1.67619
2.01087
2.28705
2.54695
2.82496
0.326207
0.570855
0.851802
1.12269
1.4322
1.70527
1.9792
2.26531
2.56094
2.8417
0.325934
0.573221
0.883396
1.11181
1.4329
1.7038
2.00643
2.25602
2.5863
2.83606
0.292154
0.607509
0.868477
1.12364
1.46113
1.72455
2.01994
2.27524
2.56426
2.85901
0.291278
0.574684
0.843878
1.13853
1.41176
1.72113
2.01518
2.28448
2.56421
2.87709
0.309788
0.551384
0.853698
1.13109
1.38724
1.70517
1.97764
2.27667
2.54406
2.85488
0.307527
0.54329
0.864841
1.10718
1.41305
1.70285
1.97552
2.28154
2.55907
2.86478
0.316106
0.546485
0.858065
1.10366
1.44565
1.71696
1.99959
2.31923
2.57235
2.85572
0.326192
0.568809
0.876619
1.13219
1.4387
1.73857
2.01179
2.30438
2.5758
2.83548
0.295607
0.586614
0.831548
1.16166
1.40153
1.7707
2.01758
2.27693
2.56232
2.8327
0.28916
0.58846
0.848101
1.15746
1.45802
1.73708
2.00246
2.24767
2.56
2.85801
0.312713
0.583568
0.852917
1.13415
1.45517
1.7007
1.99902
2.26026
2.57024
2.8659
0.317203
0.55756
0.850034
1.15241
1.38105
1.69785
1.97744
2.28286
2.55762
2.86098
0.31322
0.563102
0.845168
1.16428
1.36755
1.72064
1.96821
2.28211
2.56295
2.84513
0.285748
0.598207
0.877436
1.1512
1.43858
1.725
1.98586
2.28581
2.57537
2.86276
0.295746
0.617765
0.899058
1.12641
1.44344
1.70806
2.0347
2.26731
2.57121
2.87094
0.332591
0.558486
0.876481
1.11025
1.44354
1.6931
2.01058
2.2557
2.58299
2.84501
0.347245
0.550965
0.8543
1.12027
1.46521
1.72209
1.985
2.2575
2.57088
2.8451
0.328806
0.587552
0.843256
1.17121
1.42621
1.7181
1.98784
2.27352
2.54221
2.87348
0.314615
0.613231
0.875427
1.14044
1.42883
1.70503
1.98924
2.28781
2.56391
2.85727
0.311604
0.600784
0.864253
1.12603
1.43702
1.71923
2.02504
2.28082
2.58944
2.84848
0.316075
0.589198
0.823177
1.13461
1.40794
1.71991
2.00887
2.25545
2.58407
2.85751
0.325786
0.593507
0.819741
1.14895
1.39248
1.73068
1.98387
2.26686
2.58423
2.85719
0.312485
0.562891
0.860554
1.16566
1.41257
1.71483
1.99778
2.32914
2.61776
2.83796
0.306152
0.548191
0.874286
1.17155
1.43432
1.70102
2.00675
2.31999
2.58954
2.84049
0.306949
0.562153
0.872548
1.1802
1.46313
1.69867
1.97623
2.28046
2.55238
2.87245
0.310781
0.574037
0.865459
1.17017
1.46969
1.7086
1.98096
2.274
2.53572
2.88087
0.299598
0.588164
0.84414
1.13386
1.43639
1.71877
2.00397
2.28058
2.54696
2.88669
0.295625
0.605013
0.86203
1.13869
1.41389
1.73399
2.03898
2.28305
2.60253
2.86328
0.336129
0.587444
0.894238
1.12173
1.41718
1.71432
2.01644
2.30922
2.62116
2.85243
0.328337
0.58998
0.898678
1.12896
1.41378
1.7081
1.98765
2.28964
2.60425
2.8338
0.316298
0.573067
0.86234
1.16654
1.44786
1.74191
1.97274
2.28733
2.55453
2.85816
0.305351
0.547753
0.826011
1.1722
1.45113
1.73303
1.9709
2.2949
2.51406
2.86287
0.318801
0.565271
0.873739
1.14366
1.4327
1.68696
1.98406
2.2949
2.5534
2.84339
0.351765
0.566933
0.886336
1.13462
1.41302
1.68905
1.99113
2.28841
2.60202
2.8394
0.330118
0.583263
0.875899
1.15951
1.415
1.7413
2.01502
2.28158
2.59312
2.86337
0.331253
0.58741
0.879812
1.17763
1.45537
1.73161
2.01593
2.30063
2.60331
2.87674
0.345907
0.592352
0.880333
1.17767
1.45017
1.72414
2.01197
2.3386
2.6214
2.90796
