3.27515
-5.6533
-4.67933
-2.26479
-1.09695
2.05639
-4.35246
-6.09587
-3.22375
0.415717
-0.192043
-3.79344
-5.27119
-4.28948
-0.997775
-4.72166
-4.16697
-7.39694
-5.63712
-2.00393
-3.72385
-8.09115
-6.84974
-4.52953
-2.26843
-2.96141
-6.14394
-1.41278
-2.57581
-3.54422
-3.39062
-5.66149
-1.48528
-3.37442
-1.65359
-3.38515
-5.36249
-2.61202
-3.56199
-0.997267
-2.5911
-2.81029
-4.09007
-2.35833
-0.692155
-3.03805
-3.61188
-5.47994
-1.80549
-0.810066
-5.93503
-7.27343
-3.40429
-2.10653
-1.01916
-12.3828
-5.42331
-3.25532
-3.63132
-2.90514
-5.78237
-0.0126309
-5.24895
-2.42088
-3.55726
-4.77218
-2.94593
-5.15213
-4.7884
-1.99707
-3.20587
-6.33267
-4.78387
-2.10067
-1.04251
-3.52791
-7.59432
-2.95039
-5.19812
-2.31817
-7.14057
-8.37441
-5.58276
-7.55748
-1.25712
-4.28745
-5.22219
-2.90021
-4.16838
-2.96167
-2.54699
-2.59261
-2.5588
-3.90784
-2.07359
-4.88587
-3.47425
-5.62254
-3.28533
-1.1699
-6.20696
-4.02401
-5.38507
-2.51425
-1.15766
-7.8923
-1.77315
-3.30055
-1.50418
-2.66877
-6.88616
-6.40425
-1.15461
-3.78021
-1.91277
-9.26869
-9.09375
-4.34856
-2.45544
-2.04009
-7.35312
-3.85974
-6.12087
-3.86679
-2.80421
-5.77875
-5.01654
-4.46079
-4.25999
-2.60808
-6.76532
-10.1334
-5.30047
-4.62504
-3.36871
-7.43988
-5.48811
-2.91636
-3.22728
-2.11479
-7.93743
-5.88999
-5.75791
-5.51466
-4.02072
-7.39841
-5.02089
-6.56807
-3.95254
-2.20805
-7.54587
-2.59299
-4.92407
-3.42134
-2.30056
-9.96397
-2.76257
-6.32824
-4.31929
-1.84383
-9.73767
-1.64823
-6.92524
-3.51321
-3.07828
-7.59542
-0.987526
-7.48532
-4.98546
-4.12467
-4.2289
-0.29559
-5.75135
-6.66296
-1.04957
-0.920949
-0.800383
-4.429
-4.12194
-2.29639
1.06314
-2.65137
-3.0257
-2.90824
-2.46168
-0.484962
-2.56478
-2.39175
-3.61365
-0.611294
-0.395982
-2.9583
-3.61274
-0.898875
-2.26178
2.41856
0.531487
-2.37942
-3.45747
-1.02539
3.97222
-6.13673
-1.26702
-1.83215
-3.21742
1.69043
-2.14301
-4.54656
-3.20639
-1.60793
0.747576
-0.783235
-0.831738
-4.59313
-1.67662
-17.7632
-8.85214
1.77198
-7.15117
-4.0406
-19.8223
-9.90691
-9.06076
-4.36119
-3.94244
-24.1877
-13.0496
-6.86208
-9.59683
-4.01959
-25.7177
-13.0817
-6.50512
-6.63628
-1.7635
-28.5066
-14.4474
-5.59045
-5.97514
-5.95562
-30.8016
-17.2562
-6.99943
-10.7403
-5.75624
-32.5478
-21.0005
-8.55946
-12.6328
-6.4418
-40.7679
-26.9791
-13.0238
-14.2955
-7.63157
-46.5707
-34.9373
-20.6796
-15.3722
-7.04103
-43.6866
-44.2903
-28.2638
-16.434
-5.56293
-54.4654
-49.7956
-32.147
-18.4167
-5.72856
-46.3066
-33.3798
-24.455
-15.7189
-5.37414
-42.1992
-27.7298
-17.353
-10.8812
-6.72489
-37.8435
-24.5551
-14.5475
-7.61005
-5.70208
-34.9464
-23.5918
-13.9613
-6.502
-2.99751
-36.0961
-23.5238
-14.7778
-6.51506
-2.26425
-35.0362
-23.5342
-16.4465
-7.49951
-2.19706
-37.6047
-26.2276
-20.3825
-7.73235
-2.00993
-39.6576
-32.3369
-22.452
-10.261
-2.02204
-44.5977
-38.6982
-25.2822
-10.3163
-1.38099
-56.1461
-46.8151
-24.2936
-8.94111
-5.04189
-59.1004
-45.0744
-24.8952
-9.26579
-5.5667
-50.5611
-43.7107
-28.6941
-11.7283
-3.0673
-53.1587
-48.0971
-33.1191
-10.6104
-2.89471
-49.287
-45.6714
-32.3928
-10.3213
-2.23828
-56.643
-48.7864
-32.5958
-10.9866
-3.86302
-55.3078
-45.6763
-34.2687
-11.3885
-6.07958
-53.4024
-43.5403
-32.4085
-13.5808
-7.12136
-55.8994
-44.8846
-29.5998
-14.6669
-7.57952
-53.4309
-43.21
-30.2268
-17.0765
-7.45372
-51.9113
-41.4827
-30.3443
-15.5252
-7.88154
-55.3685
-41.3845
-29.8296
-13.5966
-5.79553
-55.2378
-41.2001
-32.9146
-13.9984
-4.9985
-46.8342
-36.7871
-31.6417
-13.1204
-3.28671
-49.4957
-40.3245
-29.4427
-15.911
-5.49509
-46.6709
-37.0651
-32.5737
-14.0956
-3.73835
-49.7088
-41.9587
-29.1998
-9.06271
-4.17707
-48.6237
-48.5526
-34.5997
-9.55904
-2.06573
-52.768
-39.6988
-36.1576
-14.2449
1.37224
-47.7959
-36.0072
-25.221
-14.9077
0.64503
-47.4791
-35.1142
-31.6759
-13.7403
-2.80453
-49.8424
-32.1073
-27.8146
-17.5012
-7.88118
-40.6212
-29.3565
-21.6826
-14.3488
-8.06889
-42.5159
-29.868
-22.5689
-12.9979
-4.67413
-31.9352
-22.3981
-23.0871
-10.6258
-3.46667
-26.9985
-16.0419
-13.7933
-2.44067
1.64495
-20.1304
-9.21152
-9.24342
-4.77886
-5.58329
-11.8878
-0.104657
-7.47191
-2.57705
-4.73819
-6.49237
-4.66232
-4.60639
-2.80204
-4.34504
-12.8577
-8.94757
-7.47015
-5.52988
-4.40265
-15.9285
-10.9507
-8.00305
-5.99434
-1.53396
-15.5505
-11.351
-8.62822
-5.79675
-2.43871
-12.0507
-11.155
-2.23819
-2.73627
-2.76855
-15.2943
-10.402
-1.56919
-1.42356
-0.717823
-22.6695
-10.2623
-1.51432
-0.88767
-2.01513
-17.347
-14.4802
-3.76056
-2.592
-4.45947
-20.8855
-14.075
-3.26225
-2.21398
-3.88349
-23.2282
-13.8768
-6.93005
-6.0782
-2.09071
-4.79972
-4.49194
-4.12707
-4.95091
-1.1026
-9.89893
-7.47525
-4.93901
-5.88771
0.0912631
-12.7582
-5.86054
-4.81621
-3.39144
-3.39009
-10.5251
-2.43148
-5.52708
-4.80016
-0.499132
-11.2519
-1.38945
-0.0766827
-7.3124
-4.04646
-12.7958
-9.85897
-4.4568
-5.96028
-2.60018
-14.2082
-10.9735
-3.40179
-4.35943
-1.43875
-15.0114
-12.0481
-4.20752
-4.55034
-2.13473
-17.9147
-9.04973
-5.99626
-3.34478
-2.97895
-13.2392
-7.29957
-4.34668
-2.76516
-3.25829
-24.0665
-15.3152
-6.95346
-3.95834
-0.692085
-32.8499
-18.2296
-7.87346
-5.38962
-1.66357
-32.9632
-21.2722
-11.0822
-0.870775
-0.654314
-25.8357
-12.8993
-5.71596
-6.9736
-3.4109
-24.5299
-14.4142
-3.28249
-7.18361
-2.11527
6.16738
-3.84453
-3.87514
-3.91975
-0.881513
3.01386
-1.0587
-4.34458
-5.17748
-2.34365
2.36437
-7.28347
-2.58
-4.80622
-1.33798
4.08757
-8.52675
-6.5093
-3.48632
-3.29914
-3.03165
-0.287445
-5.59815
-3.2545
-1.89353
-3.88352
-1.50659
-3.71173
-3.6703
-0.801924
-5.22729
-5.05503
0.38767
-5.38473
-0.0175269
-6.90531
-6.77054
-4.78824
-5.28267
-3.39486
-10.4869
3.52996
-2.64363
-7.28598
-1.84646
-7.78091
-6.54808
-5.22515
-3.7322
-2.96598
-8.51815
-2.54317
-3.36287
-0.714703
-3.38703
-5.77917
-5.69354
-3.79252
-3.00569
-2.3055
-8.86127
-1.5439
-1.00607
-0.624703
-1.92832
-4.95066
-2.58259
-0.391315
-0.324026
-1.3909
1.13742
-0.507542
-1.4781
-1.47793
-0.992932
5.47577
-1.05555
-0.799858
-1.2755
-1.33137
-15.3274
-7.22123
-8.69787
-4.14445
-6.18323
-15.3601
-9.46115
-14.1567
-7.89123
-1.48592
-17.0405
-13.9284
-15.3442
-8.56184
-4.22204
-19.9981
-18.0525
-19.3503
-11.2875
-4.34154
-22.307
-20.7554
-17.7091
-9.55117
-4.22478
-25.7914
-20.9529
-18.8494
-8.02668
-6.99095
-30.8186
-25.2319
-20.7711
-7.03314
-6.2147
-43.1341
-32.2296
-18.0692
-5.01266
-0.00722915
-51.2628
-30.672
-16.4622
-5.01548
-2.28963
-42.3338
-27.46
-17.6179
-10.2117
-6.79048
-43.4768
-28.1947
-18.8443
-13.4465
-5.78818
-43.6413
-30.6528
-22.5312
-16.261
-4.47722
-48.2635
-35.7402
-25.8749
-16.7593
-5.06794
-46.5611
-35.6864
-25.3722
-14.3837
-4.68255
-51.0891
-35.6775
-23.7258
-12.7268
-5.00458
-48.4773
-35.0113
-20.1245
-12.8569
-4.63723
-52.2416
-34.4404
-16.4473
-11.3422
-1.47127
-44.3324
-30.4145
-13.3132
-11.4679
-2.41255
-43.9064
-26.0104
-10.6989
-10.8653
-0.685674
-45.0139
-25.4484
-15.0676
-4.17405
-4.25766
-37.6959
-20.8925
-11.1784
-2.72054
-2.61371
-2.62885
-1.63741
-6.37049
-1.78367
-1.51547
0.308229
-0.818381
-2.66784
-3.59468
-1.97212
0.496545
-5.12849
-4.78975
-2.35984
-1.66705
-1.89384
-8.04086
0.532716
-3.04506
-1.57834
-3.51297
-5.51461
-0.611495
-2.58959
-2.95771
-4.4954
-8.48461
-2.79506
-3.1099
-1.36131
-5.98218
-10.3615
-3.70986
-3.39794
-2.07729
-4.42372
-7.58279
-3.32806
-4.00489
-3.70551
-4.80661
-5.79191
-4.19499
-5.2164
-1.48502
-3.89126
-8.07729
-9.16296
-4.66841
-0.969468
-6.37849
-5.48673
-6.03354
-5.60467
-2.41312
-5.93765
-4.3895
-5.83699
-5.3015
-2.1343
-6.06241
-3.18851
-4.64697
-2.19092
-1.40347
-8.17696
-5.64536
-5.38764
-5.86811
-0.551495
-10.9797
-5.22278
-4.84589
-4.99631
-1.13897
-10.6698
-10.1557
-4.45389
-2.92389
-2.49648
-5.40265
-2.35244
-3.49834
-2.04078
-2.0762
-1.01459
-3.73632
-1.30526
-1.25768
-0.824002
-4.58431
-3.04748
-1.9557
-3.70282
-2.11891
-8.21517
-6.83267
-3.80605
-4.04771
-2.84172
-7.89423
-5.40142
-4.39857
-2.21392
-3.95789
-6.38508
-1.95096
-6.12074
-1.86595
0.247971
-5.76473
-3.79537
-5.60952
-2.76789
-3.17935
-6.67606
-4.7371
-2.62018
-2.30455
-2.23489
-6.99222
-4.6909
-2.79177
-0.439249
-1.67846
-8.88874
-6.36115
-3.40632
-3.40602
-1.98999
-11.6895
-4.19734
-3.44696
-4.30792
-2.36918
-7.48105
-5.61493
-3.06437
-3.98386
-1.99438
-2.91224
-2.99919
-4.47534
-4.18156
-1.41736
-1.04751
-1.87854
-2.48755
-1.1148
-0.32773
0.258776
-1.46546
-2.9036
-3.33393
-0.324828
-0.263477
-2.68638
-2.92662
-1.84423
-2.93892
-0.599521
-1.83232
-3.78471
-4.26618
-1.42565
-0.340657
-2.53881
-3.73394
-3.57257
-3.42928
-21.4631
-9.51382
-7.37216
-6.63919
-1.83309
-24.4699
-9.24616
-4.33878
-3.7058
-1.72217
-29.1526
-10.2974
-6.08449
-4.51927
-1.95911
-28.5358
-9.77753
-4.88115
0.303404
-1.70821
-29.5947
-10.7199
-4.5329
-2.73455
-2.47123
-32.0342
-12.2083
-5.02523
-3.43719
-4.16085
-34.7337
-13.6156
-8.2512
-8.3348
-5.61896
-32.8369
-16.8073
-10.3864
-6.22779
-0.453904
-34.3727
-25.8843
-7.96228
-3.52235
-0.519057
-29.2918
-21.6557
-10.8557
-2.52629
-5.38963
-29.4798
-18.7793
-7.88549
-3.56058
-4.83922
-22.6247
-11.8994
-2.98848
-2.34933
-2.91113
-2.15646
-4.21752
-6.58942
-3.69222
-0.903959
-4.46553
-1.93535
-7.00823
-3.89369
-2.90038
-6.58449
-1.01122
-1.3483
-3.94222
-1.66644
0.130294
-1.44139
-0.451631
-2.30032
-0.719101
-2.49447
-0.677109
-1.4356
-0.908825
-1.94069
-3.90037
-1.1755
-2.06885
-2.86001
-0.882972
-6.3411
-1.44663
-2.86904
-0.945672
-1.698
-6.58029
-1.55197
-2.47163
-2.77502
-1.40219
-7.62699
-2.68981
-3.82164
-2.77434
-2.95643
-12.1547
-1.75814
-2.87858
-3.58957
-2.01142
-9.14739
-4.27914
-6.09988
-2.91132
-2.30765
1.21452
-3.86877
-4.49246
-6.52235
-1.31498
3.91558
-4.75982
-3.33629
-3.95185
-2.68885
-0.00507629
-6.31607
-7.19292
-1.73697
-0.89443
-1.15068
-2.91488
-5.44014
-3.33111
-0.0468436
-32.8335
-18.0186
-9.57724
-4.86583
-3.64247
-33.5776
-17.3298
-10.8134
-4.89065
-3.7514
-34.9342
-17.8771
-9.86987
-7.55144
-4.17281
-36.32
-19.7761
-12.0737
-8.22187
-3.46718
-44.6596
-25.81
-12.2758
-5.65444
-5.65312
-42.8452
-26.8224
-12.8336
-11.0085
-5.59797
-37.4566
-26.4602
-11.7803
-6.75741
-5.15393
-30.7608
-23.2501
-11.0251
-4.65256
-3.97761
-29.7007
-21.4287
-7.00009
-2.08571
-3.73479
-26.8655
-17.2844
-7.07032
-4.1379
-1.75845
-22.1777
-15.9246
-5.80527
-5.39689
-1.04616
-1.58022
-1.09741
-3.32383
-3.25992
-1.78338
-4.52012
-3.48117
-7.26046
-1.96066
0.243256
-8.22414
-4.49835
-1.25137
-1.50029
-1.77562
-9.48
-1.34543
-4.57319
-1.9242
0.612843
-3.15456
-4.7629
-4.49668
-6.73284
-1.59828
-2.42579
-5.88646
-1.89998
-0.532662
-1.8093
-7.87012
-4.53688
-0.314082
-1.38921
0.32999
-5.94803
-1.57989
-3.4248
-3.9124
0.361085
-5.47125
-0.562036
-3.79446
-2.57209
-3.35278
-6.44954
0.0665142
-2.54967
0.458345
-0.534067
-0.645473
-1.66314
-1.11455
-1.63928
-1.9178
-0.142271
-0.643665
-4.88832
-4.30366
-1.15479
0.662186
-3.52264
-2.57276
-2.17649
-2.10038
3.96727
-3.33099
-3.81648
-1.23641
-1.90125
11.8406
-3.61499
-4.23102
-0.494197
-1.52961
-28.4435
-9.65027
-14.4833
-4.84443
-4.03418
-34.3362
-13.022
-16.8059
-5.70393
-4.07683
-35.4454
-18.0487
-19.649
-8.23003
-5.48005
-36.6344
-26.9893
-25.0427
-10.2307
-6.34782
-41.3621
-32.6996
-26.6209
-11.3261
-6.4581
-49.5629
-36.8261
-27.3131
-10.7756
-5.90784
-45.3055
-35.6489
-25.9651
-13.1256
-7.04878
-49.4502
-34.0907
-25.4199
-16.8368
-5.69077
-47.2937
-37.95
-27.481
-17.9788
-4.16215
-45.4283
-36.0303
-28.9682
-17.0109
-8.84782
-45.1637
-38.2886
-28.9016
-18.9274
-8.67287
-53.6493
-39.202
-31.8927
-16.6654
-7.80158
-46.9009
-39.3875
-30.0737
-17.8515
-8.1433
-54.5419
-42.6949
-27.1875
-14.6572
-7.88595
-45.8934
-42.5919
-24.5313
-14.6426
-8.42446
-50.7621
-43.6252
-23.9253
-14.2748
-8.22503
-48.1449
-44.5107
-22.9582
-14.9529
-6.79295
-55.7348
-43.0868
-22.7461
-16.3271
-7.2959
-48.4793
-38.9094
-23.705
-14.6502
-6.83754
-49.4543
-36.203
-24.2236
-12.6005
-7.43948
-45.506
-32.5427
-21.5126
-10.4307
-6.03148
-45.9745
-35.7363
-27.2598
-10.936
-3.84333
-44.8329
-40.4328
-26.3436
-14.9219
-3.21785
-50.1192
-34.8933
-25.4061
-11.0209
-2.72441
-50.8086
-37.6223
-24.6746
-10.6803
-3.50239
-45.473
-36.7212
-25.69
-12.277
-5.89187
-46.3995
-33.9059
-24.6885
-13.5266
-7.73505
-45.2459
-33.6427
-24.5839
-14.8496
-8.14486
-52.6331
-37.4727
-24.1483
-15.733
-7.26034
-44.7869
-36.595
-27.2222
-15.9753
-7.16695
-43.0754
-33.4607
-26.3767
-15.8841
-5.9215
-43.478
-30.7076
-22.9554
-13.1182
-5.45006
-43.4438
-30.8442
-19.2916
-6.52869
-2.36018
-41.7028
-30.7707
-18.1028
-5.46595
-4.99091
-46.0219
-30.1738
-18.023
-5.35894
0.161663
-39.7887
-25.9721
-16.7849
-7.81811
-1.36519
-38.8495
-18.0539
-13.5502
-6.66028
-2.64543
-28.4303
-10.114
-3.85445
-3.5769
-2.78207
-35.8478
-11.8644
-3.461
-5.06266
-4.74321
-27.304
-12.6906
-4.14616
-8.50732
-4.0073
-5.12386
-3.43033
-6.27813
-1.76235
-0.422823
-4.33725
-4.00124
-3.44338
-1.63993
0.00200383
0.0324539
-12.2709
-10.9409
-9.28421
-3.52183
-4.92309
-6.83202
-3.51135
-8.38087
-3.69416
-4.34613
-4.6196
-4.71515
-4.6286
-3.2322
-5.45571
-3.10238
-3.21941
-5.52676
-2.43336
-10.286
-5.4472
-3.39964
-4.02833
-1.04716
-10.0765
-6.03635
-4.71745
-3.65641
-0.911377
-6.02157
-3.93777
-5.63282
-3.62569
-3.06636
-5.16933
-6.80963
-6.03039
-6.92918
-0.856665
-7.88848
-7.77882
-4.1678
-4.61214
-2.2648
-9.36225
-7.06866
-3.6255
-2.02004
-1.88983
1.43817
-1.01381
-5.51358
-6.50681
-1.61057
0.698213
-2.28701
-3.22712
-4.9253
-3.16441
4.0585
0.188812
-4.63616
-4.76207
-0.669342
3.84365
-2.23416
-3.24365
-1.72276
-3.70352
2.15692
-1.15107
-1.44527
-3.29035
-1.01186
2.65676
-3.11344
-2.42429
-3.03376
-1.80635
-2.4991
-5.17191
-3.18628
-2.99671
-0.616592
-31.9584
-17.8004
-9.21392
-7.48776
-2.36529
-35.4538
-22.1354
-7.95302
-5.28277
-1.8838
-38.6155
-23.9409
-9.243
-4.95332
-2.6773
-40.0657
-27.9764
-7.15013
-2.39888
-5.3792
-43.461
-28.9679
-10.0917
-6.59341
-4.15025
-46.7262
-30.0702
-10.1042
-7.00385
-2.78228
-46.7181
-34.0841
-13.6571
-9.63887
-0.879766
-51.561
-39.4858
-20.1131
-7.67533
-1.88376
-44.6243
-35.6067
-22.8382
-10.1479
-2.88644
-48.442
-39.6165
-24.1979
-10.2928
-3.29622
-46.6556
-37.383
-24.8508
-12.4437
-7.3675
-56.6289
-42.0712
-25.7296
-11.9131
-6.66101
-49.6307
-38.728
-27.4026
-13.3446
-5.57048
-58.305
-52.6706
-27.2587
-9.62379
-2.7736
-57.6743
-41.7887
-30.6852
-11.2838
-3.68631
-56.8718
-44.4323
-25.5874
-11.1538
-4.51777
-50.7568
-35.8895
-25.221
-12.0981
-5.16533
-48.0668
-35.1223
-26.2284
-12.8492
-4.48889
-48.9399
-33.4736
-25.7275
-12.2206
-5.08616
-47.368
-32.0528
-25.2097
-12.4687
-5.4195
-47.4576
-32.8403
-24.5892
-11.5799
-5.86338
-48.7527
-32.5181
-24.3789
-12.3251
-4.72417
-50.2452
-36.8263
-25.7229
-11.7366
-3.09439
-52.8391
-37.3895
-24.7338
-10.0534
-3.41467
-52.5943
-41.4696
-24.8244
-8.70584
-5.02201
-47.8624
-37.8367
-25.2199
-9.02724
-3.1578
-48.9397
-39.9814
-27.2931
-10.8706
-2.1229
-55.0805
-41.9354
-25.0415
-10.494
-1.57954
-42.9481
-39.2278
-21.8209
-9.34876
-2.67529
-48.1284
-36.0424
-18.1289
-7.32698
-1.62395
-43.4616
-29.9527
-16.1745
-7.69867
-3.10967
-36.1473
-24.6951
-15.6575
-7.81826
-2.2184
-31.6195
-21.7877
-10.4651
-9.32789
-2.45152
-30.556
-19.5225
-8.29678
-9.27252
-4.14796
-28.9985
-18.8167
-7.37121
-0.746631
-1.82794
-24.4616
-16.4377
-2.44625
-5.78941
-3.66301
1.40925
-1.37148
-3.53528
-1.73561
-1.16358
0.121831
-1.91401
-4.48939
-2.80056
-2.71876
3.46581
-4.3678
-3.48496
-1.56624
-1.7435
1.22349
-1.77258
-5.32254
-2.05497
-2.00922
-4.8457
-2.64718
-6.7208
-2.45068
-1.99187
-6.36795
-6.36119
-5.33286
-1.16047
-2.39195
-2.6457
-4.8524
-6.53449
-3.97725
-2.97849
-1.10445
-3.69078
-4.96331
-3.39459
-2.52411
-3.36961
-5.37968
-4.85657
-6.13357
-1.95762
-2.83856
-0.758038
-4.67134
-6.64845
0.764559
-2.67597
-1.06665
-3.88693
-6.41496
0.512676
-3.14228
-5.06365
-3.08244
-3.13481
-1.40575
-1.08317
-9.81626
-5.45906
-2.50144
-3.0102
-2.90262
2.09326
-4.61336
-3.52695
-2.56731
-1.81562
-3.55319
-3.7744
-3.19091
0.0415046
-0.686181
0.198852
-1.14121
-3.96613
-1.40096
0.442423
-6.07409
-1.91501
-4.7197
-1.79779
-0.11256
-5.71079
-4.37124
-5.05572
-1.32023
1.63839
-8.58592
-2.88367
-4.5918
-1.25685
-0.922643
-7.31863
-4.58506
-2.79187
-1.4496
-2.46809
-10.239
-5.65253
-2.74736
-2.94633
-1.03635
-7.45398
-2.84037
-2.01405
-1.4404
1.21885
-7.67735
-2.92975
-3.97677
-1.29189
0.715257
1.61907
-4.94702
-3.75222
-1.10335
-0.148724
0.0570929
-3.91283
-3.00079
-2.26016
-1.71139
-0.9885
-3.82673
-4.87044
-1.02977
-2.88428
-1.03327
-4.48554
-2.87087
-1.57302
-1.31832
-0.979285
-3.147
-3.62706
-0.388375
1.71187
-0.881839
-4.29546
-0.28604
-0.947349
3.37763
-2.70098
-2.56424
-2.87946
-1.5509
1.98525
-1.41229
-3.79086
1.28478
-0.719686
-3.57164
-5.01312
-5.51094
-4.6005
-3.0988
-7.51574
-8.54202
-6.26329
-4.35208
-1.7673
-10.9731
-6.4382
-6.39689
-8.46659
-1.97316
-9.96039
-7.72756
-7.5003
-3.73434
-0.43861
-4.71989
-5.68875
-3.95325
-3.85818
-1.48787
-3.99198
0.853273
-0.894438
-0.627423
-1.86996
-4.51274
-1.4234
-1.22338
-0.865033
-2.4718
-5.66971
-0.88571
-4.24424
-3.68881
-3.0102
-6.70891
-5.00532
-5.84216
-3.57697
-1.40824
-6.37667
-4.71075
-4.07992
-3.90137
-3.96115
-5.50907
-4.53127
-3.7988
-3.4613
-3.5787
-4.64402
-6.19627
-0.272977
-0.582517
-2.61073
-6.25872
-4.16377
-4.0114
-3.14142
-0.207397
-8.6274
-6.27664
-1.78574
-2.68118
-0.396897
-1.73279
-3.26168
-1.92933
-0.666821
-0.26317
0.709615
-3.63467
-3.39957
-1.47386
-2.01415
0.812773
-5.03154
-3.5488
-2.69715
-1.26745
0.668627
-4.53101
-3.40043
-2.5771
-0.823252
0.539031
-4.16146
-3.47939
-2.71006
-0.861998
-0.0231727
-4.21466
-2.45621
-3.42124
-1.43569
-0.183448
-3.26173
-2.11885
-4.47
-1.29197
-3.55723
-3.66894
-4.50617
-3.85798
-2.83255
-4.67754
-8.35388
-5.95958
-3.06716
-2.91043
-5.60174
-5.66692
-1.97638
-3.43134
-2.22614
-11.3628
-3.97583
-4.25137
-2.2217
-3.16316
-10.8709
-1.71547
-4.64552
-3.53218
-2.64192
-10.049
-1.8835
-5.0825
-2.4478
-2.01572
-6.63036
-5.16676
-4.37445
-4.1686
-2.34044
-5.59587
-4.18157
-5.96525
-3.46627
-1.56831
-3.11903
-3.311
-5.03925
-3.9471
-1.71734
-1.34406
-2.19118
-5.91165
-2.08505
-1.86873
-0.0193117
-4.52149
-7.89296
-3.21383
-3.81846
-18.2613
-9.24969
-11.1078
-3.99472
-2.14868
-21.5216
-6.6018
-3.54094
-5.79726
-2.503
-26.8046
-8.7196
-3.42806
-4.70934
-3.61518
-24.965
-12.074
-4.27652
-2.88177
-4.02582
-29.1581
-10.8576
-4.56249
-4.12783
-0.61579
-32.7177
-15.0225
-7.30047
-5.85502
-4.53027
-41.491
-21.6002
-11.0492
-7.45814
-4.19968
-38.573
-28.424
-16.9197
-8.22471
-3.8141
-39.3175
-31.9602
-22.6921
-8.74576
-2.79459
-47.0016
-37.8303
-22.9067
-9.99195
-3.29648
-47.0634
-38.9527
-25.967
-11.403
-1.87159
-50.1051
-40.3689
-27.8648
-12.0112
-3.55431
-49.0723
-40.6233
-26.8122
-13.2189
-3.02622
-49.7071
-42.8332
-27.0663
-15.4882
-3.24593
-43.6209
-39.5332
-27.3749
-13.977
-3.38344
-45.152
-36.0084
-29.4094
-11.0034
-3.98876
-49.0933
-38.4721
-26.8416
-9.5202
-4.75975
-44.3169
-34.9078
-29.4425
-9.17888
-3.79023
-46.4733
-38.6261
-29.0071
-9.86373
-3.99538
-47.4586
-40.0014
-26.1675
-9.67017
-4.88924
-48.2338
-39.3779
-27.1505
-10.0527
-5.3175
-58.631
-39.4729
-28.2127
-10.9243
-5.31944
-47.8154
-36.1146
-25.0202
-8.81077
-3.31427
-53.5891
-35.3775
-23.0187
-8.18007
-4.88219
-43.0844
-32.7605
-22.9062
-8.31359
-1.86138
-48.5399
-31.5592
-21.0263
-7.47403
-1.50304
-41.6507
-28.3429
-18.7662
-5.61205
-0.151584
-40.3536
-28.145
-18.1373
-4.1495
-1.78005
-44.1695
-29.1841
-18.3629
-3.79213
-2.38909
-40.1332
-29.7317
-18.3384
-3.78323
-1.5638
-46.9336
-27.248
-16.663
-4.32978
-1.33087
-39.7021
-25.7755
-15.7219
-5.20356
-3.36103
-39.5747
-26.1693
-15.1894
-5.28215
-2.12084
-45.7001
-23.2747
-14.4078
-4.34216
-2.9873
-33.8329
-20.6255
-13.9802
-5.98463
-1.02999
-34.2436
-20.6375
-14.4692
-4.27056
-2.52892
-34.6951
-20.5215
-13.3671
-4.56771
-1.95527
-36.2187
-21.1065
-14.7759
-5.47882
-0.951009
-36.7324
-20.1676
-16.3625
-7.90563
-0.698383
-37.2077
-22.147
-18.6739
-9.46403
-2.21875
-37.6325
-16.8392
-20.1443
-10.4738
-3.19055
-36.8186
-15.4435
-20.287
-7.79797
-3.12727
-36.6115
-15.7493
-20.2771
-7.46417
-1.89512
-37.8845
-16.4111
-19.316
-6.60958
-2.99292
-35.1472
-17.9246
-18.9875
-8.82156
-1.73889
-36.3467
-23.9778
-22.1446
-10.1402
-2.95959
-39.0164
-34.5424
-26.7949
-10.9436
-4.34092
-44.1679
-37.333
-27.0982
-10.4009
-5.26389
-43.912
-39.6705
-23.5252
-11.4072
-4.2081
-45.8842
-36.8239
-21.8979
-9.20045
-3.26655
-38.7068
-31.8213
-20.8125
-7.15196
-2.32963
-44.4531
-37.9468
-18.8832
-5.49899
-4.00325
-40.447
-36.3922
-16.7981
-4.68814
-3.90445
-43.9575
-38.7429
-15.6197
-5.18907
-3.6153
-41.4066
-35.2668
-14.1111
-8.38194
-2.10874
-45.4293
-27.9175
-11.6835
-6.60481
-3.17497
-44.7187
-24.1291
-6.75269
-8.39282
-0.27473
-49.5145
-22.3457
-5.21515
-8.55749
-2.9604
-38.0151
-18.6767
-3.30916
-3.407
-3.23765
-31.2853
-19.7597
-5.71345
-2.63337
-1.74271
-27.733
-21.5667
-6.26848
-3.58031
-2.10411
-26.0134
-23.0306
-5.68687
-6.32106
-1.7966
-18.4567
-18.9971
-5.92689
-2.79276
-1.03294
-15.3616
-16.6173
-5.75813
-1.45155
-1.13659
-1.80529
-3.56555
-3.92175
-4.99056
-2.06954
-3.91455
-5.60227
-7.20367
-5.75761
-0.662743
-3.88988
-0.926724
-5.80894
-4.10757
-3.72984
1.53059
-4.67592
-6.32991
-2.71562
-1.65494
-0.556514
-10.427
-6.48506
-5.44589
-3.64532
-0.895059
-6.47611
-3.24311
-3.25764
-2.2966
-5.37008
-2.21636
-4.40161
-3.83546
-0.866616
-11.0391
-1.64421
-3.68185
-2.20121
-3.225
-5.2981
-3.52391
-4.97149
-5.59368
-2.39606
-1.43736
-1.46435
-3.12668
-1.8068
-1.97167
-2.20518
-1.83651
-0.896647
1.11472
-0.468236
-12.4403
-3.82562
-3.1295
-3.00523
-0.874261
-8.66247
-2.85912
-3.03794
-3.89483
-2.62622
-8.30218
-2.70913
-3.86962
-5.63876
-2.66639
-16.2084
-4.85086
-1.51132
-5.90286
-4.32972
-26.5978
-5.4367
-2.2548
-1.48688
-1.48804
-18.4845
-4.88207
-4.35388
-1.65599
-1.33114
-17.3104
-8.68837
-5.581
-2.55696
-2.32449
-17.4737
-12.7658
-6.44
-3.3086
-0.437474
-19.0255
-16.4207
-6.98152
-5.05383
-2.01581
-19.6421
-14.6066
-8.1405
-6.96462
0.154327
-21.3785
-15.2572
-10.0373
-6.36984
0.922427
-24.6828
-15.4803
-9.43507
-5.07711
-1.00041
-24.3548
-15.1377
-6.13567
-4.26516
-0.508736
-29.0472
-17.6988
-5.62232
-3.98579
-3.34797
-27.4243
-16.2225
-4.06943
-2.52901
-3.3353
-28.5287
-7.8728
-2.68181
-3.24725
-2.5995
-4.52148
-6.92495
-1.92544
-3.36807
-0.836106
-3.71037
-4.13284
-2.86604
-2.32127
-0.638848
-1.12811
-4.58394
-3.42831
-3.00219
-0.569853
-1.30719
-1.40753
-4.57829
-4.70797
-3.63598
0.0819851
0.0982588
-1.06422
-1.30571
-0.843432
-0.377814
-2.99417
-1.29986
-1.35097
-1.54809
-2.25175
-3.93587
-6.46481
-4.65928
-2.57257
-6.00126
-4.01361
-6.45131
-6.78678
-2.56897
-6.36815
-4.66026
-3.20182
-3.83341
-1.64718
-4.70677
-6.18094
-5.20872
-1.89228
-0.764998
-4.98508
-5.15538
-3.62049
-3.58686
-1.27027
-6.97132
-5.55336
-6.21786
-3.18585
-2.13658
-11.5336
-3.46814
-2.79493
-2.70246
-1.8496
-11.4539
-8.17194
-4.50617
-2.18612
-0.981688
-4.28136
-6.59881
-9.81864
-3.67571
-3.1855
-2.37678
-3.14013
-4.0433
-4.00693
-1.55519
-16.4357
-10.1544
-2.055
-4.60526
-3.13759
-23.634
-15.1981
-2.94649
-5.05167
-4.47478
-27.2237
-17.5284
-5.19553
-4.89029
-2.36321
-29.9819
-16.1428
-9.53451
-4.83567
-2.69302
-30.4548
-18.2082
-9.21559
-4.46958
-1.14801
-29.6974
-21.0966
-13.515
-4.65898
-1.53621
-24.4278
-23.2593
-14.9366
-3.18402
-2.90823
-28.7597
-31.9425
-14.8428
-4.43458
-2.59481
-34.7197
-39.7859
-18.0964
-6.42586
-4.75733
-35.18
-44.3745
-21.966
-5.25918
-4.31848
-32.0929
-40.8351
-24.2821
-5.36407
-1.71642
-41.9089
-41.5661
-19.2062
-7.17959
0.34377
-30.4851
-33.448
-19.3788
-7.00525
-1.31148
-28.0314
-30.9312
-19.115
-7.51288
-5.89255
-29.0207
-29.3886
-18.0555
-8.3881
-4.81039
-29.2617
-29.2699
-18.7835
-8.96016
-4.1801
-31.2169
-31.4147
-22.5354
-9.28208
-3.49654
-31.382
-31.8295
-21.4457
-11.91
-3.97571
-33.6824
-34.8185
-23.3004
-12.9616
-6.49184
-39.0824
-42.5833
-26.8924
-11.2892
-5.12223
-38.5223
-36.2065
-24.6009
-10.2623
-4.74947
-44.4128
-41.0178
-25.4486
-12.3741
-4.01075
-44.0178
-36.5798
-23.2243
-13.1696
-3.32551
-40.6401
-36.849
-22.7058
-11.6609
-3.56026
-39.0672
-33.6501
-20.843
-7.28347
-2.93637
-34.3489
-28.7162
-17.1616
-8.39517
-4.06882
-33.8008
-25.8766
-15.3356
-5.67998
-4.542
-33.7167
-24.7425
-15.7366
-6.67688
-3.10899
-33.0895
-24.6856
-15.3651
-8.16581
-2.75753
-34.8451
-24.4793
-18.5285
-10.0478
-3.59995
-34.2284
-26.0855
-17.8511
-11.5755
-3.11452
-36.8564
-27.9749
-19.4487
-10.3764
-2.16879
-42.4528
-32.7508
-24.937
-9.81912
-2.88874
-46.7277
-37.7142
-28.0288
-10.1743
-3.98568
-51.0202
-40.3386
-28.2478
-9.11307
-4.66625
-44.5264
-30.8638
-27.8919
-8.57543
-5.21135
-40.8696
-25.9951
-23.218
-10.1433
-4.37657
-38.0006
-25.5165
-23.0941
-9.93728
-2.86347
-31.4058
-23.1418
-18.672
-7.77262
-1.75946
-25.9275
-19.0261
-15.0877
-6.078
-0.529697
-22.7397
-19.8052
-12.0778
-3.6624
-4.48158
-18.6576
-8.19889
-6.59942
-3.86569
-2.64848
-16.4695
-2.75345
-1.26366
-5.50314
-1.55621
-15.4548
-1.39558
-4.85323
-8.08488
-5.37379
-15.1673
-3.1911
-5.28026
-4.956
-1.80454
-18.1366
-10.8195
-7.61353
-6.84344
-4.35398
-8.01175
-3.21069
-1.31665
-5.56585
-0.974035
-2.67666
-6.27097
-9.28188
-2.21776
-1.42268
-4.1747
-4.16091
-4.8486
-4.61471
-0.665993
-3.15842
-5.77691
-3.73739
-3.89787
-0.360225
-4.66361
-0.660986
-4.11359
-1.53039
-0.811933
-3.20684
-7.93918
-5.61107
-2.92167
-1.92824
-3.82715
-3.04533
-5.41533
-5.68846
-2.09878
-3.6287
-2.59198
-4.05315
-4.75574
-0.778037
-22.8972
-10.0594
-6.2713
-3.02647
-4.08439
-21.7364
-10.7897
-6.37309
-2.48988
-2.14079
-25.8892
-12.1688
-8.38342
-2.69395
-2.36922
-27.6768
-15.8274
-10.0252
-5.40133
-1.31829
-30.7262
-20.6774
-12.1519
-7.66849
-0.80377
-38.2782
-26.5467
-17.1741
-6.88826
-2.13677
-42.9358
-32.8401
-23.0028
-7.30274
-5.88951
-44.3014
-40.3756
-24.5693
-9.06294
-2.74355
-44.455
-34.8311
-20.9483
-9.04104
-1.47574
-42.6674
-34.4146
-20.596
-9.48356
-2.57214
-45.429
-32.9662
-21.6843
-7.83997
-3.22417
-41.8616
-31.1501
-21.5996
-7.80247
-4.18139
-42.8362
-33.0638
-21.1815
-8.65977
-3.57095
-41.8945
-36.6589
-18.4605
-9.90251
-4.00395
-43.5032
-30.4055
-16.4251
-10.3948
-2.42151
-37.8621
-26.1239
-14.95
-7.80799
-4.65368
-37.7551
-28.0541
-15.4458
-6.76269
-3.20714
-40.8622
-28.7845
-17.4449
-6.48347
-1.82804
-40.0133
-26.9833
-18.1351
-8.22435
-1.40504
-42.1023
-31.4402
-12.9285
-7.61794
-2.62994
-46.8219
-32.4756
-8.49366
-5.21408
-1.88697
-49.5822
-36.8493
-10.6593
-5.80648
1.16962
-39.9203
-27.5823
-13.6416
-3.97096
-2.97486
-45.2968
-31.7008
-23.8978
-6.71948
-1.65186
-45.5569
-33.4739
-17.0241
-8.05359
0.0869869
-48.6808
-34.1485
-14.6315
-8.29229
-0.113526
-41.697
-30.631
-13.632
-7.2778
-0.946007
-41.1748
-26.9079
-14.2993
-5.96921
-1.88464
-34.7654
-22.9877
-14.6556
-6.51517
-3.49188
-36.4339
-18.7311
-9.62487
-5.95495
-3.86822
-31.6451
-15.3108
-6.80637
-4.24161
-1.38666
-32.0555
-11.9465
-5.94135
-3.11159
-2.17406
0.250585
-6.55516
-4.53293
-3.3977
-2.71361
3.01386
-5.24272
-5.17617
-6.38879
-0.904753
2.18749
-0.709694
-6.27864
-2.31045
-4.10391
-3.26771
-0.959485
-4.53131
-1.80811
-1.16883
-8.8541
-6.74351
-1.42129
-2.49345
-3.80621
-4.70783
-2.61598
-4.09769
-3.8975
-2.33014
-6.24626
-6.93258
-5.3669
-3.41742
-1.12468
-3.97182
-6.1696
-1.2649
-4.19648
-2.84617
-3.83647
-5.35635
-1.66725
-4.1529
-3.89585
-14.285
-4.33737
-2.14162
-2.96562
-2.35947
-8.97818
-5.26467
-3.37729
-2.27439
-0.786163
-7.87431
-4.59206
-3.50082
-2.20783
-0.686481
-7.5229
-4.35977
-2.45963
-4.29362
-1.71676
-4.94792
-3.7775
-3.84894
-3.11868
-1.79713
-3.06368
-6.53355
-4.9992
-2.3336
-1.90144
-4.37578
-5.18565
-3.64059
-5.83091
-2.00485
-6.08376
-2.79922
-5.53026
-3.13118
-2.20974
-3.8331
-3.65049
-5.55483
-3.49952
-4.16966
2.67461
-4.37446
-8.37877
-0.46796
-3.23369
-1.14624
-1.92267
-5.86106
-1.23105
-1.37451
-15.7522
-7.26139
-7.94883
-0.673992
-3.13078
-23.8222
-9.64346
-4.2757
1.33294
-0.784571
-27.5532
-13.0652
-7.55552
-4.02502
-1.07121
-28.7226
-20.4867
-12.8604
-12.3722
-2.36539
-31.2786
-21.9219
-12.9773
-14.0849
-2.16143
-35.3153
-26.9003
-14.1555
-16.4096
-5.15615
-51.5921
-32.1664
-15.3433
-15.5628
-7.01368
-42.477
-34.8902
-15.8598
-14.1541
-7.06475
-42.6662
-34.8991
-15.0909
-12.8418
-4.79898
-45.5425
-33.8879
-13.0289
-12.2633
-3.54145
-43.6745
-26.7461
-13.1883
-9.10475
-4.85497
-48.509
-28.9083
-14.3849
-4.19629
-4.42651
-40.9756
-27.665
-9.83891
-1.62485
-6.43607
-45.5336
-24.6979
-7.57831
-3.40817
-3.47032
-30.1597
-19.9101
-9.52376
-6.3229
-1.94812
-24.1527
-14.688
-9.97263
-1.41317
-1.34065
-22.8851
-13.8595
-7.45673
1.34137
-0.900309
-18.5647
-9.56795
-4.21267
-2.21479
-3.27022
-13.4034
-7.57884
-1.99439
-1.80534
-1.99782
-11.7688
-6.57894
-0.456097
-1.3409
-2.67243
-6.08463
-6.38684
-0.47119
-0.176716
-1.90125
-3.38561
-1.90084
-1.60768
-1.03757
-0.216315
-3.1037
-3.89343
-0.42209
-0.693329
-0.379087
-3.35849
-4.858
-0.696803
-0.553236
-1.04862
-4.51554
-4.16556
-1.19405
-2.42548
-2.86718
-7.10698
-5.53312
-7.50622
-4.94068
-3.66226
-1.41107
-6.82432
-7.76729
-4.00015
-3.45653
0.636426
-5.48032
-7.2979
-4.28436
-2.43892
-9.38834
-6.81079
-6.54585
-3.21769
-0.785765
-10.7122
-4.48105
-7.45886
-1.13369
-3.02085
-1.29758
-4.31824
-4.38715
-5.09909
-1.97987
-2.7585
-1.05397
-0.506105
-1.20403
-1.02839
-2.58369
-1.09406
-0.223859
-0.815973
-0.989817
-14.1299
-11.4875
-2.62279
-2.37501
-1.00042
-17.8483
-16.4513
-4.21404
-3.00323
-3.27428
-25.7973
-19.7982
-6.42799
-4.68691
-1.66038
-29.1576
-15.2818
-10.5227
-5.17137
-0.696957
-22.942
-10.824
-13.3334
-7.31112
-4.35303
-19.2951
-11.7073
-12.1374
-5.40346
-3.77618
-18.7073
-3.67418
0.969734
-0.751128
-1.22542
-17.708
-3.62834
-1.89832
-0.999125
-3.21651
-19.0088
-6.77999
-3.97539
-3.11777
-3.37081
-22.0127
-12.2085
-6.50478
-6.13897
-0.723418
-27.0548
-14.1268
-8.59512
-5.41354
-1.95515
-36.714
-17.7382
-9.72636
-7.33121
-1.86154
-42.5355
-21.8077
-11.8028
-10.0122
-0.0321322
-53.3104
-28.0357
-15.6413
-13.8435
-2.27903
-41.9015
-29.2758
-19.5464
-10.1831
-2.46585
-51.5218
-35.6231
-22.1925
-9.173
-1.69764
-46.5509
-34.1251
-20.9797
-8.17869
-1.16481
-43.1294
-32.6236
-18.8444
-7.86396
-1.86757
-39.4453
-27.6757
-16.001
-8.07402
-1.61467
-39.9126
-25.4821
-14.0266
-8.18666
-0.712992
-37.7477
-23.4174
-12.3875
-7.98242
-0.591118
-38.6637
-25.9337
-11.7977
-7.97971
-1.13076
-43.4471
-25.0339
-12.5728
-9.25326
-2.81708
-38.6673
-27.4429
-13.8361
-10.025
-2.94751
-45.9107
-32.2813
-16.5042
-12.4726
-3.14792
-42.8319
-30.4367
-18.1628
-12.5874
-4.35156
-44.1076
-34.0427
-21.5604
-12.9515
-5.54248
-47.6231
-33.8585
-23.385
-11.8393
-5.77386
-43.683
-37.6288
-25.0564
-10.534
-3.86253
-45.8512
-34.1489
-23.129
-10.0282
-3.78352
-44.7241
-31.4266
-23.4889
-10.0499
-4.79449
-44.0905
-35.5473
-23.361
-11.2826
-3.37064
-49.7723
-37.9436
-25.2481
-12.6337
-3.26919
-50.2055
-39.6444
-25.6974
-13.4265
-2.70882
-49.1602
-43.7598
-31.5295
-14.9145
-3.09681
-48.6565
-40.5372
-29.8609
-9.10681
-3.39256
-43.869
-38.8318
-31.7508
-10.6191
-5.2708
-45.0653
-42.2234
-31.3116
-11.7774
-3.39674
-50.5915
-41.5129
-32.3004
-9.40482
-1.03339
-45.9408
-41.2222
-31.6721
-13.7767
-3.70017
-43.597
-39.0212
-28.4739
-15.1651
-2.78977
-46.7398
-42.6043
-29.7704
-15.4744
-4.04605
-44.264
-38.3915
-25.968
-17.8887
-3.90531
-45.3043
-39.6397
-25.7859
-15.3823
-4.63507
-48.0498
-41.7848
-26.8622
-13.4617
0.336153
-45.3481
-40.3525
-24.9735
-9.79824
0.0888473
-44.8169
-41.7244
-23.2278
-8.6539
-3.74108
-51.0006
-36.5765
-18.9926
-7.83009
-4.38082
-47.7742
-42.5696
-15.2179
-5.97082
-3.72466
-43.5799
-33.8863
-10.716
-5.69808
-2.62732
-45.3662
-32.2906
-8.19834
-4.02458
-1.62711
-38.0591
-29.6841
-6.34459
-4.81831
-6.8677
-38.8528
-25.4322
-3.54956
-4.28409
-3.01537
-36.8652
-22.0547
-2.32482
-4.40864
-0.196665
-36.4818
-21.5626
-3.88826
-3.97668
-1.90019
-34.982
-18.8514
-3.91187
-6.20585
-4.06435
-33.6467
-19.1344
-2.60592
-2.78305
-2.74031
-34.776
-19.8668
-1.90191
-3.57896
-2.9069
-25.7271
-19.5165
-3.96186
-3.15872
-3.15219
-24.3129
-17.4443
-7.7149
-4.58205
-2.4122
6.75092
-9.03855
-6.03584
-1.82372
-1.76364
5.21988
-8.29813
-3.23722
-4.81241
-2.5612
4.87618
-5.66878
-3.95927
-6.65826
-1.88301
2.6261
-3.41973
-3.7253
-0.430722
-0.741013
-0.197895
-3.59325
-5.0549
-0.907455
-0.517876
-1.55364
-7.3823
-9.03312
-4.53804
-3.24062
3.02006
-0.313698
-2.73099
-3.68099
-2.76597
2.00275
-4.80518
-4.32789
-2.84771
-2.3547
-3.21754
-3.64911
-3.28185
-3.48812
-2.32295
-2.37075
-3.65903
-3.80413
-2.48997
-2.02802
1.52453
-1.90333
-7.4441
-3.64448
-1.14766
5.15056
-2.18538
-3.28939
-4.63141
-1.72844
2.81787
-4.68697
-3.93587
-2.65148
-0.582219
0.368006
-8.42049
-3.39424
-3.54973
-2.16462
-1.14717
-6.54995
-5.60951
-4.49379
-1.4643
-8.65836
-8.30459
-5.08976
-5.79757
-3.36095
-3.73621
-6.57927
-3.32426
-4.38648
-3.06464
3.85124
-2.9414
-4.34382
-4.4868
-0.660915
2.85078
-6.14423
-2.27692
-3.51246
-1.92254
2.08313
-6.36462
-3.11499
-3.91738
-0.751276
0.42715
-8.90191
-3.81873
-2.09989
-0.0818121
-2.20551
-4.56037
-5.6158
-3.1857
-2.43584
-4.15769
-3.20395
-6.26278
-4.19932
0.139714
-3.11239
-1.27757
-1.69636
-3.3449
-3.3954
-3.4837
0.515758
-3.24992
-1.39518
-0.978191
-5.67818
-0.728886
-4.22778
-3.99223
-1.50162
-6.9591
-1.03324
-6.02704
-2.86846
-4.43673
-4.42187
-0.615413
-6.58787
-4.78581
-4.21189
-2.07543
-0.782189
-8.3571
-4.33951
-0.509203
-2.36846
-5.4076
-9.36366
-3.49768
-3.65097
-1.98892
-3.64766
-4.82654
-3.68163
-1.84639
-2.82777
-8.47198
-5.83968
-3.40407
-1.50011
-3.61993
-7.53596
-8.39459
-2.04901
-2.84263
-2.28013
-6.97172
-6.38416
-3.75909
-0.502241
-0.527456
-4.42964
-7.13551
-3.45928
-0.0315602
-0.815343
-5.99742
-7.7817
-0.273727
0.559657
-3.4122
-13.2111
-4.89614
-6.04861
-1.6939
-6.16484
-11.9931
-4.77223
-4.9163
-0.879284
-8.4452
-8.25653
-4.51022
-4.39038
-2.35256
-7.34506
-4.23421
-3.28206
0.00715985
-5.70157
-6.36772
-3.38286
-6.57394
-4.38355
-1.26857
-7.38099
-3.44471
-6.44805
-4.39829
0.845806
-12.1455
-7.37887
-6.34543
-3.96759
-3.5476
-5.90892
-4.67625
-5.33162
-0.605532
-2.18014
-8.89437
-0.567347
-2.90434
-4.06321
-2.68604
-3.74455
-3.10319
-2.24702
-2.83067
-2.26368
-1.91189
-5.09378
-4.3658
-3.50526
-1.62388
